0.00005710 0.00023993 0.00011910 0.00025548 0.00056313 0.00031791 0.00022552 0.00052295 0.00011703 0.00046913 0.00047144 0.00047813 0.00056080 0.00038248 0.00022671 0.00027765 0.00029935 0.00024388 0.00032451 0.00037794 0.00042224 0.00054957 0.00042566 0.00009430 0.00030042 0.00039790 0.00025406 0.00040665 0.00027433 0.00019693 0.00013356 0.00004860
0.00016713 0.00011421 0.00028243 0.00050370 0.00026804 0.00047896 0.00026878 0.00043514 0.00048272 0.00059256 0.00025383 0.00063293 0.00115685 0.00071861 0.00042209 0.00051423 0.00047405 0.00071511 0.00093105 0.00099276 0.00071413 0.00033523 0.00056645 0.00054699 0.00045274 0.00022622 0.00058532 0.00026614 0.00066979 0.00016897 0.00011395 0.00019941
0.00020342 0.00022020 0.00051662 0.00033101 0.00047812 0.00009410 0.00056664 0.00037020 0.00053288 0.00083335 0.00063418 0.00035819 0.00044813 0.00051887 0.00066401 0.00064918 0.00069761 0.00066333 0.00055037 0.00059859 0.00043048 0.00060908 0.00113801 0.00026300 0.00059175 0.00054407 0.00023365 0.00040123 0.00032606 0.00044814 0.00026525 0.00010303
0.00024574 0.00059752 0.00033134 0.00048158 0.00023889 0.00045715 0.00035250 0.00080257 0.00056933 0.00046875 0.00054858 0.00103912 0.00150849 0.00138985 0.00105307 0.00052967 0.00059077 0.00066959 0.00103899 0.00133828 0.00092930 0.00054518 0.00064109 0.00054234 0.00078696 0.00029413 0.00041407 0.00023370 0.00044371 0.00035289 0.00045808 0.00023550
0.00041259 0.00025088 0.00049197 0.00018612 0.00040406 0.00028803 0.00097727 0.00050980 0.00055741 0.00131334 0.00139905 0.00056358 0.00065082 0.00057206 0.00063320 0.00077286 0.00054277 0.00069151 0.00064344 0.00059445 0.00052365 0.00114925 0.00113724 0.00044027 0.00040821 0.00084623 0.00032561 0.00045280 0.00033080 0.00045783 0.00027930 0.00050928
0.00019555 0.00047977 0.00016407 0.00047009 0.00032614 0.00090091 0.00042133 0.00078562 0.00110368 0.00064408 0.00062230 0.00091481 0.00142852 0.00183435 0.00194010 0.00216915 0.00239110 0.00243447 0.00214947 0.00151264 0.00059174 0.00060239 0.00048312 0.00171399 0.00071587 0.00057683 0.00091746 0.00032701 0.00039818 0.00012662 0.00047361 0.00029697
0.00038790 0.00024115 0.00047684 0.00035419 0.00083508 0.00061334 0.00091357 0.00108687 0.00061294 0.00093850 0.00131258 0.00237664 0.00161652 0.00103609 0.00112884 0.00115490 0.00115789 0.00116121 0.00104697 0.00154959 0.00230096 0.00132862 0.00058887 0.00061679 0.00108784 0.00108967 0.00043356 0.00108760 0.00034609 0.00050900 0.00017664 0.00021637
0.00036909 0.00039079 0.00063845 0.00073963 0.00037948 0.00068753 0.00108271 0.00073529 0.00076327 0.00215490 0.00166623 0.00118019 0.00098122 0.00046691 0.00008640 0.00002854 0.00003311 0.00009734 0.00050151 0.00096679 0.00109878 0.00150331 0.00239624 0.00078973 0.00081284 0.00101439 0.00077304 0.00057642 0.00085293 0.00036681 0.00040364 0.00049104
0.00008171 0.00044287 0.00025027 0.00060473 0.00045870 0.00152088 0.00064665 0.00079731 0.00194301 0.00136390 0.00115721 0.00020449 0.00004136 0.00007487 0.00015053 0.00010826 0.00003775 0.00015988 0.00010190 0.00005132 0.00031038 0.00126999 0.00123610 0.00195188 0.00070896 0.00073012 0.00118281 0.00058744 0.00057985 0.00054799 0.00045549 0.00013051
0.00044481 0.00054747 0.00096297 0.00056415 0.00117168 0.00050653 0.00063099 0.00229701 0.00131806 0.00104639 0.00002014 0.00014504 0.00000256 0.00022917 0.00049192 0.00063113 0.00071083 0.00045872 0.00021364 0.00002007 0.00008278 0.00001659 0.00106508 0.00141289 0.00211026 0.00087520 0.00054001 0.00142400 0.00048521 0.00083001 0.00049584 0.00044424
0.00048177 0.00035610 0.00071148 0.00055204 0.00105673 0.00057217 0.00126379 0.00157752 0.00104033 0.00003661 0.00017517 0.00009150 0.00057473 0.00046935 0.00017211 0.00009756 0.00015575 0.00019375 0.00042080 0.00062393 0.00012546 0.00018622 0.00001694 0.00107029 0.00160830 0.00153820 0.00072814 0.00131201 0.00053718 0.00055814 0.00025153 0.00052667
0.00040519 0.00079901 0.00044247 0.00084449 0.00055691 0.00073849 0.00209518 0.00125604 0.00031859 0.00011508 0.00007612 0.00076991 0.00025175 0.00046806 0.00102098 0.00124673 0.00119185 0.00092760 0.00049928 0.00014705 0.00070914 0.00011514 0.00015706 0.00015644 0.00110890 0.00234138 0.00081713 0.00049740 0.00111015 0.00038794 0.00077165 0.00042968
0.00044863 0.00112699 0.00050180 0.00131847 0.00066378 0.00155603 0.00155879 0.00108421 0.00006690 0.00001014 0.00063094 0.00015936 0.00064616 0.00146458 0.00124420 0.00066139 0.00048952 0.00088366 0.00151488 0.00078536 0.00019162 0.00062830 0.00000886 0.00007657 0.00097239 0.00149182 0.00155258 0.00067402 0.00141288 0.00047615 0.00119139 0.00047151
0.00028234 0.00091124 0.00061961 0.00105388 0.00057156 0.00212039 0.00103112 0.00047955 0.00007746 0.00018443 0.00040709 0.00033508 0.00165953 0.00070305 0.00017117 0.00004670 0.00007304 0.00012922 0.00071947 0.00146878 0.00049940 0.00044834 0.00028688 0.00010312 0.00035273 0.00105512 0.00203743 0.00053194 0.00127125 0.00052365 0.00072361 0.00037144
0.00030502 0.00076774 0.00056377 0.00059992 0.00074041 0.00242409 0.00131819 0.00009031 0.00015595 0.00049217 0.00021008 0.00087888 0.00090423 0.00019765 0.00002138 0.00001264 0.00003365 0.00002209 0.00013852 0.00110010 0.00105061 0.00009749 0.00054177 0.00010320 0.00003047 0.00113219 0.00209510 0.00067071 0.00095201 0.00064800 0.00035846 0.00026668
0.00025852 0.00046412 0.00073384 0.00066131 0.00054127 0.00230708 0.00115378 0.00002336 0.00007706 0.00061049 0.00014488 0.00120066 0.00055168 0.00006808 0.00002186 0.00000317 0.00000677 0.00000688 0.00004510 0.00062654 0.00132566 0.00008938 0.00063667 0.00008743 0.00000229 0.00108067 0.00206791 0.00073870 0.00053040 0.00069954 0.00041863 0.00030093
0.00030507 0.00055412 0.00058558 0.00061361 0.00079786 0.00215280 0.00117969 0.00001922 0.00011019 0.00055432 0.00012193 0.00112486 0.00062192 0.00003228 0.00001973 0.00000257 0.00000460 0.00004658 0.00005956 0.00051037 0.00114865 0.00011331 0.00067647 0.00005074 0.00001712 0.00108289 0.00253600 0.00053026 0.00050704 0.00067680 0.00039642 0.00029335
0.00023681 0.00043098 0.00071623 0.00113020 0.00065321 0.00199682 0.00111643 0.00010140 0.00012147 0.00060901 0.00013376 0.00102417 0.00112753 0.00013014 0.00000445 0.00002762 0.00001196 0.00000418 0.00009483 0.00088974 0.00114015 0.00014910 0.00043642 0.00019787 0.00008960 0.00115003 0.00242366 0.00080189 0.00063137 0.00073008 0.00055061 0.00027112
0.00034846 0.00071047 0.00054009 0.00130972 0.00060209 0.00165498 0.00104141 0.00037828 0.00011062 0.00017991 0.00041385 0.00050665 0.00137107 0.00072024 0.00017238 0.00004419 0.00003508 0.00008176 0.00071799 0.00156309 0.00051809 0.00038691 0.00022453 0.00015198 0.00044295 0.00109703 0.00215832 0.00066902 0.00092669 0.00058945 0.00079554 0.00026602
0.00057835 0.00107543 0.00045400 0.00157810 0.00055133 0.00143892 0.00171334 0.00085745 0.00006585 0.00000535 0.00073316 0.00022726 0.00067693 0.00168074 0.00092480 0.00055665 0.00054616 0.00103705 0.00139911 0.00079793 0.00010930 0.00072154 0.00001923 0.00009231 0.00095242 0.00143575 0.00154102 0.00067514 0.00126811 0.00060497 0.00085800 0.00033462
0.00046701 0.00066157 0.00036743 0.00111644 0.00048753 0.00095380 0.00239628 0.00124162 0.00018051 0.00010882 0.00012886 0.00075694 0.00014140 0.00042006 0.00104947 0.00115208 0.00118852 0.00101235 0.00054723 0.00018431 0.00067891 0.00015927 0.00011447 0.00020446 0.00104891 0.00244017 0.00058009 0.00051363 0.00094853 0.00050221 0.00075718 0.00053902
0.00055466 0.00025256 0.00051702 0.00055835 0.00131018 0.00066561 0.00138879 0.00159179 0.00118659 0.00000721 0.00013182 0.00007050 0.00076045 0.00033881 0.00018149 0.00009122 0.00013015 0.00008223 0.00041468 0.00069232 0.00013425 0.00015592 0.00000935 0.00102351 0.00145432 0.00148963 0.00057915 0.00104891 0.00057872 0.00055227 0.00044432 0.00053361
0.00044195 0.00055053 0.00083648 0.00051727 0.00139359 0.00061529 0.00073890 0.00230451 0.00138415 0.00093416 0.00003335 0.00012236 0.00000777 0.00017766 0.00046159 0.00067087 0.00063657 0.00062847 0.00024203 0.00000927 0.00011773 0.00000707 0.00090815 0.00114325 0.00226763 0.00055650 0.00056197 0.00122719 0.00059538 0.00101024 0.00048069 0.00045222
0.00010287 0.00048084 0.00047589 0.00064746 0.00053200 0.00106626 0.00064893 0.00076560 0.00205220 0.00129526 0.00094994 0.00019987 0.00011338 0.00011159 0.00019874 0.00005648 0.00012111 0.00010205 0.00010753 0.00009489 0.00011946 0.00102219 0.00120740 0.00203085 0.00084360 0.00063626 0.00161307 0.00048853 0.00048268 0.00038205 0.00051543 0.00009402
0.00053077 0.00053744 0.00038195 0.00083493 0.00045820 0.00087517 0.00106085 0.00076223 0.00076719 0.00230986 0.00151722 0.00110341 0.00102310 0.00043998 0.00006642 0.00001362 0.00001222 0.00004402 0.00031413 0.00093666 0.00120086 0.00148043 0.00225696 0.00064293 0.00077992 0.00101054 0.00071450 0.00032893 0.00088194 0.00058119 0.00039054 0.00042609
0.00020154 0.00018968 0.00053611 0.00040221 0.00089530 0.00045170 0.00081384 0.00102780 0.00072543 0.00062431 0.00143479 0.00203695 0.00149565 0.00108193 0.00131207 0.00116043 0.00119062 0.00111597 0.00109116 0.00162678 0.00228814 0.00159556 0.00071698 0.00076682 0.00101041 0.00102201 0.00055393 0.00081512 0.00035430 0.00051562 0.00015565 0.00038556
0.00033464 0.00049338 0.00010883 0.00045959 0.00028426 0.00081954 0.00057017 0.00065076 0.00158180 0.00054543 0.00055694 0.00065981 0.00153486 0.00217212 0.00250071 0.00236133 0.00195422 0.00210900 0.00187148 0.00152611 0.00087994 0.00070369 0.00053104 0.00109947 0.00085942 0.00044576 0.00068963 0.00028404 0.00040420 0.00035337 0.00062590 0.00031441
0.00052312 0.00027856 0.00054391 0.00028031 0.00047296 0.00031062 0.00087366 0.00032144 0.00052877 0.00117917 0.00101621 0.00046212 0.00069240 0.00061359 0.00081172 0.00056429 0.00079774 0.00072376 0.00059626 0.00063283 0.00044312 0.00123068 0.00143055 0.00053219 0.00051909 0.00093861 0.00029947 0.00051939 0.00028555 0.00044479 0.00021024 0.00040592
0.00024970 0.00060473 0.00041236 0.00039818 0.00025449 0.00043796 0.00038938 0.00083678 0.00051503 0.00050819 0.00059061 0.00098219 0.00122176 0.00096772 0.00059462 0.00058303 0.00058783 0.00097490 0.00119359 0.00152863 0.00117508 0.00056143 0.00047091 0.00053403 0.00087952 0.00036045 0.00042340 0.00034561 0.00038856 0.00032124 0.00056251 0.00024563
0.00018310 0.00027183 0.00045440 0.00034616 0.00053871 0.00022357 0.00050380 0.00060587 0.00028611 0.00086328 0.00070249 0.00047525 0.00053613 0.00061637 0.00063178 0.00072076 0.00072980 0.00066968 0.00053559 0.00043042 0.00037827 0.00049567 0.00081133 0.00056054 0.00041008 0.00048436 0.00016328 0.00053121 0.00043430 0.00035620 0.00018327 0.00024335
0.00022791 0.00010641 0.00021886 0.00053339 0.00019133 0.00051748 0.00016831 0.00033989 0.00040433 0.00046254 0.00038768 0.00082449 0.00093970 0.00070261 0.00060830 0.00038755 0.00045738 0.00039996 0.00069052 0.00104301 0.00078107 0.00030438 0.00054754 0.00041897 0.00052364 0.00014774 0.00049781 0.00024595 0.00053902 0.00024713 0.00011812 0.00013602
0.00003478 0.00017006 0.00025411 0.00020321 0.00038076 0.00028230 0.00036581 0.00049926 0.00004640 0.00050345 0.00049243 0.00044349 0.00037719 0.00025998 0.00023954 0.00027339 0.00027807 0.00028780 0.00035243 0.00052975 0.00040632 0.00061792 0.00039950 0.00012348 0.00049853 0.00023435 0.00028604 0.00048929 0.00020681 0.00017196 0.00021594 0.00002361
