-2.540182e-05 -5.078182e-05 -2.601050e-05 -1.237475e-04 -1.081980e-04 -4.282268e-05 -7.845927e-05 -9.920064e-05 -7.745990e-05 -1.315038e-04 -1.360179e-04 -4.926021e-05 -3.211922e-05 -1.038220e-04 -1.302866e-04 -7.283513e-05 -4.501955e-05 -6.363564e-05 -2.952118e-05 -6.686896e-06 -7.642829e-05 -3.771111e-05 -3.270793e-05 3.137882e-05 5.408004e-05 3.004959e-05 4.733331e-05 4.354649e-05 2.031180e-05 -2.457731e-05 1.630600e-05 6.704609e-05
-7.573463e-05 -7.915148e-05 -1.342135e-04 -5.959015e-05 -8.771266e-05 -9.330665e-05 -8.016516e-05 -9.916653e-05 -4.447694e-05 -8.977926e-05 -8.028955e-05 -1.450916e-04 -1.379503e-04 -1.905474e-05 -8.112763e-05 -6.686139e-05 -6.573508e-05 -3.936549e-05 -9.311852e-05 -2.257084e-05 -2.744026e-06 2.503698e-05 -2.378656e-05 6.127974e-05 9.941868e-07 3.843138e-05 4.314876e-05 4.794414e-05 9.859912e-05 3.242271e-05 4.106615e-05 6.400782e-05
-8.053810e-05 -8.428842e-05 -9.774120e-05 -2.763385e-05 -1.586528e-04 -5.025003e-05 -1.344655e-04 -1.481759e-04 -1.149683e-04 -1.055242e-04 -1.789329e-04 -9.320932e-05 -1.704169e-04 -1.538621e-04 -5.642883e-05 -1.095696e-04 5.820999e-06 -3.852986e-05 -8.169108e-05 -2.624572e-05 8.248189e-05 3.379444e-05 8.479995e-05 -3.735570e-05 3.786839e-05 4.000997e-05 1.322195e-04 3.883534e-05 2.820627e-05 3.352406e-05 4.005531e-05 4.043704e-05
-3.207091e-05 -2.939609e-05 -1.455437e-04 -1.074150e-04 -6.322039e-05 -9.262329e-05 -1.780528e-04 -1.163490e-04 -1.379192e-04 -4.085083e-05 -1.721819e-04 -1.718155e-04 -1.035612e-04 -7.056247e-05 -8.224405e-05 -1.302183e-04 -1.146882e-04 2.735248e-05 -7.442955e-05 -4.811003e-05 1.218775e-05 -8.169585e-05 -1.182150e-04 3.578956e-06 1.474285e-04 2.699264e-05 1.064828e-04 3.426662e-05 1.173171e-04 2.307561e-05 1.470309e-04 8.404662e-05
-2.973969e-05 -1.353017e-04 -6.542454e-05 -8.384604e-05 -8.689391e-05 -1.652594e-04 -1.063638e-04 -1.453167e-04 -1.012483e-04 -1.816346e-04 -1.245626e-04 -1.518679e-04 -8.605781e-05 -8.071098e-05 -3.821705e-05 -3.442145e-05 -8.498970e-05 -1.371792e-05 1.078914e-05 7.660291e-05 -4.382129e-05 5.071401e-06 2.929079e-05 9.251642e-05 8.950115e-05 6.666360e-05 1.450686e-05 7.561885e-05 1.607561e-04 1.956630e-04 5.058385e-05 6.755895e-05
-1.506386e-04 -1.210936e-04 -7.928757e-05 -1.114315e-04 -9.271828e-05 -1.278513e-04 -1.450256e-04 -1.893142e-04 -1.258443e-04 -1.457433e-04 -7.482758e-05 -8.036103e-05 -7.848861e-05 -7.020961e-05 6.380235e-05 -3.366603e-05 4.223315e-05 1.435993e-04 6.716256e-05 1.006240e-04 7.666950e-05 6.642984e-05 -1.494563e-05 -6.040756e-05 3.409758e-05 9.283284e-05 3.744930e-05 1.370594e-04 9.114970e-05 1.532318e-04 1.032695e-04 8.379819e-05
-9.748666e-05 -1.229515e-04 -2.018434e-04 -1.092063e-04 -1.229163e-04 -1.543056e-04 -1.337935e-04 -1.354852e-04 -2.687299e-04 -1.693137e-04 -7.737987e-05 1.866021e-06 5.010085e-05 6.400875e-05 9.119295e-05 8.998805e-05 1.495588e-04 1.283820e-04 7.368729e-05 9.947806e-05 4.914583e-05 3.715092e-05 6.023655e-05 7.147912e-05 5.995948e-05 1.562207e-04 3.789447e-05 1.265074e-04 1.862134e-04 1.235030e-04 1.373256e-04 7.051066e-05
-1.233054e-04 -9.104377e-05 -1.413919e-04 -1.099557e-04 -1.451956e-04 -1.833758e-04 -1.189928e-04 -1.690749e-04 -1.953825e-04 -2.900721e-05 7.778371e-05 8.002121e-05 9.053832e-05 3.853030e-05 8.660808e-05 8.037855e-05 3.445108e-05 9.360156e-05 8.954777e-05 1.152472e-04 7.906006e-05 7.164042e-05 1.190293e-04 1.533488e-04 7.937197e-05 2.207060e-04 1.227899e-04 6.617839e-05 2.369294e-04 1.834529e-04 1.017121e-04 1.161247e-04
-1.794350e-04 -1.727553e-04 -1.809621e-04 -1.875800e-04 -1.332852e-04 -1.628536e-04 -1.436126e-04 -1.825849e-04 -1.368835e-04 5.143235e-05 1.063944e-04 -2.260300e-05 -5.088045e-05 -6.546555e-05 -6.427307e-05 1.907814e-06 5.633308e-05 1.208723e-05 -3.191023e-05 -1.960562e-05 2.548951e-05 8.344524e-05 5.809433e-05 1.261189e-04 2.145806e-04 2.679795e-04 3.264472e-04 1.941407e-04 1.785046e-04 2.365683e-04 1.109201e-04 1.556382e-04
-9.372120e-05 -1.230409e-04 -1.540461e-04 -2.168132e-04 -1.865156e-04 -2.151649e-04 -2.111710e-04 -2.763898e-05 1.072162e-04 1.075182e-04 2.837303e-05 -9.391471e-05 -1.367939e-04 -6.822377e-05 -6.678927e-05 -5.253358e-05 -8.105603e-05 3.550970e-05 4.573460e-05 1.561089e-05 5.696426e-05 1.234087e-05 4.178102e-06 5.513139e-05 1.694954e-04 2.218002e-04 3.350063e-04 2.562315e-04 2.822853e-04 1.918593e-04 2.359007e-04 7.739558e-05
-1.853926e-04 -1.528561e-04 -1.428430e-04 -1.755596e-04 -2.208590e-04 -1.610621e-04 -7.607974e-06 6.607227e-05 9.179722e-05 5.396170e-06 -3.936925e-05 -1.318151e-04 -1.149382e-04 -1.724756e-04 -1.542564e-04 -1.162579e-04 -1.052740e-04 2.875982e-06 -1.120630e-04 -2.975279e-05 6.479130e-05 1.474060e-05 2.338902e-05 6.562172e-06 8.183107e-05 1.649014e-04 2.517086e-04 2.796558e-04 2.034904e-04 1.632200e-04 1.435824e-04 2.454006e-04
-1.372078e-04 -1.689156e-04 -1.731216e-04 -2.165133e-04 -2.076080e-04 -6.962952e-05 9.285519e-05 8.487239e-05 2.753000e-05 -2.141576e-06 -5.282724e-05 -1.399374e-04 -1.423694e-04 -9.829347e-05 -8.214306e-05 -1.079254e-04 -2.682931e-05 -6.843649e-06 4.884502e-05 5.131558e-05 4.941877e-05 3.313972e-05 -1.586429e-05 1.022912e-06 6.547612e-05 1.749764e-04 3.220050e-04 3.605187e-04 3.379242e-04 2.672204e-04 3.569648e-04 2.132227e-04
-1.391073e-04 -2.307488e-04 -1.829743e-04 -2.067089e-04 -1.389559e-04 2.987625e-05 4.169115e-05 2.147348e-05 -4.396206e-05 1.728158e-05 -6.226817e-05 -5.103491e-05 -4.211583e-05 -8.641090e-05 -1.185412e-04 -2.897397e-05 -2.901955e-05 -2.379523e-05 -3.672508e-05 1.971354e-05 7.160666e-05 1.130544e-04 9.033686e-05 1.285458e-05 6.814075e-05 8.115791e-05 2.459930e-04 3.667747e-04 3.283864e-04 3.336174e-04 3.372740e-04 2.442615e-04
-2.732073e-04 -1.274626e-04 -2.470748e-04 -1.827194e-04 -2.034206e-05 7.723502e-05 1.060605e-04 2.929116e-05 -2.031789e-05 1.067611e-04 5.273215e-05 7.011546e-05 5.790099e-05 -2.808258e-06 9.795197e-05 7.982249e-05 1.949770e-05 -2.182566e-05 8.067931e-05 -7.006357e-05 4.412967e-05 1.293380e-05 1.162805e-04 6.858635e-05 7.814695e-05 9.501279e-05 2.061383e-04 3.679585e-04 4.410554e-04 2.387856e-04 2.506952e-04 2.748308e-04
-2.003415e-04 -1.975971e-04 -2.196013e-04 -2.023850e-04 2.414989e-05 1.308051e-04 5.440907e-05 -1.113169e-05 7.090339e-05 6.865177e-05 1.177391e-04 1.222634e-04 1.287913e-04 7.507752e-05 -5.805225e-05 -2.842507e-04 -2.517210e-04 -1.988499e-04 -1.221891e-04 9.500980e-05 -9.581912e-06 4.708720e-05 4.476862e-05 7.171449e-05 5.456709e-05 5.466471e-05 1.330814e-04 2.863026e-04 4.450151e-04 3.180391e-04 2.963080e-04 2.792665e-04
-2.118399e-04 -2.167660e-04 -2.622552e-04 -1.950108e-04 1.485529e-05 7.813706e-05 9.642328e-05 1.012289e-06 1.174857e-04 1.091425e-04 1.543307e-04 1.175350e-04 1.095314e-04 6.037811e-05 -9.616165e-05 -7.395758e-05 -8.072522e-06 8.791103e-07 -8.631614e-06 2.196361e-05 -3.706480e-05 3.138022e-05 -7.076596e-07 9.511772e-06 8.481459e-05 7.206653e-05 1.606779e-04 2.386980e-04 2.525955e-04 4.486234e-04 2.569155e-04 2.869134e-04
-2.153008e-04 -2.054939e-04 -1.036961e-04 -1.790051e-04 5.632115e-06 1.219157e-04 3.639816e-05 9.727971e-05 8.557003e-05 8.433606e-05 5.975680e-05 5.605049e-05 2.470193e-05 -2.849818e-05 -3.865606e-05 1.014715e-05 -7.162005e-06 -7.980911e-06 1.060987e-04 9.622541e-05 -3.335369e-05 -3.769662e-05 3.995470e-05 1.718722e-05 6.760070e-05 -5.224938e-06 9.868800e-05 2.183595e-04 2.498837e-04 3.966326e-04 2.927186e-04 2.980403e-04
-1.190177e-04 -1.913829e-04 -1.691005e-04 -1.203795e-04 -4.371977e-05 8.721487e-05 1.391230e-04 8.632506e-05 1.026822e-04 7.115741e-05 8.685410e-05 -9.754905e-06 -2.498878e-05 1.186220e-05 -7.676936e-06 -3.662430e-05 -2.205964e-05 4.182599e-05 1.923862e-04 -5.658285e-05 -8.015950e-05 -2.684820e-05 4.518933e-05 3.792626e-05 1.403010e-05 -8.290081e-07 1.159480e-04 2.281423e-04 3.420126e-04 3.708921e-04 2.539088e-04 2.184085e-04
-2.105393e-04 -2.170651e-04 -2.438892e-04 -1.835969e-04 7.256848e-05 1.226977e-04 1.458025e-04 1.281300e-04 8.967498e-05 7.931641e-05 1.560990e-05 -3.417430e-06 -9.341713e-05 5.829462e-05 1.055942e-04 3.105566e-05 1.367450e-04 7.814763e-05 -4.732166e-06 -1.684257e-04 6.705633e-05 -5.570997e-06 6.558449e-05 3.705686e-05 2.422894e-08 -5.827169e-06 8.683291e-05 2.811759e-04 3.366930e-04 2.490629e-04 3.612706e-04 1.939591e-04
-1.848575e-04 -8.453021e-05 -2.764429e-04 -1.702174e-04 9.944197e-05 1.380954e-04 1.164381e-04 1.808644e-04 8.847253e-05 1.003602e-04 3.721728e-05 -2.621632e-05 -7.886323e-05 -1.383729e-04 3.143540e-05 1.193413e-04 1.557276e-05 -5.582313e-05 -1.571853e-04 2.511067e-05 -4.083011e-05 8.942300e-05 -1.279984e-05 1.821553e-05 -5.378708e-06 -4.300469e-05 7.362416e-05 3.370011e-04 3.450958e-04 2.550395e-04 2.359435e-04 2.567610e-04
-1.706501e-04 -1.762888e-04 -1.839421e-04 -2.145525e-04 -1.179879e-04 7.518393e-05 1.614017e-04 1.489402e-04 8.940767e-05 3.780948e-05 4.786300e-06 -6.224250e-05 4.698697e-06 -8.244062e-05 -2.371935e-04 -2.525391e-04 -1.720734e-04 -6.314824e-05 1.117710e-04 2.157531e-05 -4.215197e-05 9.279145e-06 4.625415e-05 -3.266746e-05 -1.660179e-05 -1.688277e-05 1.373812e-04 3.137800e-04 2.612446e-04 1.992243e-04 2.265128e-04 1.336536e-04
-2.067324e-04 -2.640763e-04 -1.590614e-04 -2.376342e-04 -1.900605e-04 -9.103725e-05 4.838128e-05 9.768037e-05 4.114927e-05 -2.683897e-06 -6.525480e-05 -2.745073e-06 -9.862758e-05 -5.111843e-05 -1.349865e-05 5.885737e-05 6.833114e-06 -1.819310e-05 -7.948466e-05 -3.041368e-05 -4.339544e-05 -1.053674e-05 -2.041005e-05 -2.299575e-05 -2.040679e-05 -9.376585e-06 1.820527e-04 3.210856e-04 2.500002e-04 1.660118e-04 1.444867e-04 1.625781e-04
-1.949900e-04 -1.140467e-04 -1.091585e-04 -2.199074e-04 -1.234923e-04 -7.718184e-05 5.596754e-05 3.512076e-06 4.147820e-05 4.203187e-05 1.170591e-05 -5.516526e-05 -2.278830e-05 -4.316145e-05 -1.271249e-04 -7.038651e-05 -5.198293e-06 -2.761898e-05 -1.049833e-05 -7.582048e-05 6.248360e-06 6.380316e-06 -4.330455e-05 -6.110474e-05 -4.998925e-05 5.764086e-05 1.807149e-04 2.483656e-04 2.207529e-04 1.687962e-04 1.743925e-04 1.342574e-04
-9.781902e-05 -1.871443e-04 -1.649723e-04 -1.322923e-04 -1.522938e-04 -2.149947e-05 -9.302265e-05 1.720490e-05 6.606034e-05 4.650987e-05 3.358873e-05 -8.131145e-06 1.609526e-05 -7.251560e-05 -8.920312e-05 -1.039242e-04 -8.365902e-05 -1.269360e-04 -5.604478e-05 -7.819588e-06 -1.065644e-04 -1.220096e-04 -7.848666e-05 -2.844163e-05 8.924503e-05 1.280528e-04 2.332489e-04 1.802497e-04 5.611044e-05 1.644817e-04 1.751789e-04 1.359674e-04
-6.335194e-05 -1.660595e-04 -1.950974e-04 -1.634732e-04 -2.402565e-04 -1.427183e-04 -1.441175e-04 -2.024439e-05 6.200164e-06 2.060048e-05 7.954688e-06 4.454999e-05 -1.903708e-05 -1.323171e-05 -3.602804e-05 -1.186972e-04 -4.491175e-05 -6.766495e-05 -9.855174e-05 -9.105657e-05 -5.273471e-05 -1.070668e-04 -6.039109e-05 1.288622e-05 1.212652e-04 1.744619e-04 1.077819e-04 1.412017e-04 1.809674e-04 1.979680e-04 1.368739e-04 1.584878e-04
-3.188371e-05 -1.356488e-04 -1.316963e-04 -1.239085e-04 -1.449391e-04 -2.607448e-04 -2.068997e-04 -1.173031e-04 -5.957531e-05 -4.772888e-05 -2.768205e-05 -2.982447e-05 -2.953940e-05 1.575885e-06 -8.587133e-05 -6.082133e-05 -3.896496e-05 -4.339736e-05 -6.776200e-05 -6.017329e-05 -2.438738e-05 -3.364726e-05 6.375980e-05 4.385808e-05 7.527805e-05 1.512832e-04 8.479517e-05 2.126297e-04 2.197333e-04 1.973630e-04 1.297789e-04 1.125265e-04
-6.187079e-05 -1.511995e-04 -1.366174e-04 -2.393530e-04 -1.111594e-04 -1.446395e-04 -3.311646e-04 -2.357834e-04 -2.720995e-04 -1.940173e-04 -1.547143e-04 -3.793201e-05 5.126523e-06 2.703667e-05 2.031942e-05 3.464040e-06 -5.129898e-05 -1.830570e-05 4.935563e-05 -3.113580e-05 5.101363e-06 6.953767e-05 8.208217e-05 1.248457e-04 1.351890e-04 1.491317e-04 1.186971e-04 1.746964e-04 2.006289e-04 1.397139e-04 8.713140e-05 1.033662e-04
-8.330273e-05 -9.543798e-05 -1.092975e-04 -1.371097e-04 -1.934007e-04 -1.142279e-04 -1.017144e-04 -1.990501e-04 -1.904420e-04 -2.366437e-04 -1.353123e-04 -1.602753e-04 -7.178623e-05 -7.439579e-05 -3.434316e-05 5.178183e-05 -6.314483e-05 4.657032e-05 -3.976986e-05 4.565925e-06 8.957030e-05 5.987135e-05 2.759369e-05 7.433584e-06 3.181241e-05 1.409485e-04 8.496852e-05 9.049347e-05 7.351756e-05 1.268119e-04 1.252925e-04 9.060226e-05
-9.415322e-05 -1.690672e-04 -1.640817e-04 -3.901334e-05 -1.195975e-04 -3.128852e-04 -1.420095e-04 -6.542483e-05 -8.138025e-05 -2.920164e-04 -3.431125e-04 -3.650654e-04 -2.525065e-04 -1.920889e-04 -1.429148e-04 -5.193253e-05 -8.328375e-05 -8.749589e-05 -1.703622e-06 1.072767e-04 1.441780e-05 -2.572057e-05 7.368869e-05 3.181520e-05 1.259947e-04 8.315744e-05 5.513529e-05 2.984324e-05 6.909791e-05 5.439122e-05 1.331116e-04 1.180993e-05
-8.587341e-05 -3.429537e-05 -1.260019e-04 -1.417152e-04 -8.610752e-05 -8.253020e-05 -2.235411e-04 -2.175962e-04 -8.911768e-05 -4.128250e-05 -4.091812e-05 -8.657144e-05 -2.083858e-04 -1.729353e-04 -1.899895e-04 -1.483427e-04 -4.539336e-05 -9.657827e-05 -2.946577e-05 -4.147878e-07 -5.621929e-06 -1.751917e-05 5.830382e-05 6.567931e-05 3.411190e-05 1.237962e-04 9.188848e-05 1.324481e-04 1.010202e-04 8.880295e-05 8.751277e-05 3.921951e-05
-4.128978e-05 -6.447115e-05 -7.367658e-05 -4.833948e-05 -7.816195e-05 -1.308651e-04 -1.149194e-04 -1.155201e-04 -2.323338e-04 -5.269051e-05 -9.137799e-05 -4.810118e-05 -3.843463e-05 -9.126728e-06 -8.291111e-05 3.292190e-05 -7.130799e-05 4.943990e-05 5.627237e-05 2.780440e-05 6.498653e-05 1.561537e-05 6.386370e-05 -1.736986e-05 9.086216e-05 7.812981e-06 2.408843e-05 -1.753581e-05 9.222620e-05 1.216901e-04 9.118364e-05 4.457554e-05
9.309791e-06 -1.079099e-04 -5.999254e-05 -4.687347e-05 -4.935183e-05 -1.559617e-04 -1.301896e-04 1.446251e-05 -1.056320e-04 -1.754310e-04 -1.629312e-04 -1.440569e-04 -1.260317e-04 -8.084229e-05 -8.883560e-05 2.946518e-05 8.317642e-05 -1.129252e-05 -7.712794e-05 -1.532270e-05 5.052984e-05 -1.661677e-05 1.895014e-05 9.543978e-05 -9.833369e-06 8.466421e-06 1.031591e-05 4.243426e-05 6.019342e-05 3.167574e-05 5.100633e-05 3.939914e-05
