-5.442503e-04 -7.247601e-04 -6.436854e-04 -7.344387e-04 -8.585282e-04 -7.521826e-04 -8.105701e-04 -1.041134e-03 -9.665962e-04 -8.584118e-04 -9.787607e-04 -1.033942e-03 -1.087554e-03 -1.185078e-03 -1.226080e-03 -1.281043e-03 -1.241424e-03 -1.148756e-03 -1.108403e-03 -1.112052e-03 -9.806941e-04 -7.595027e-04 -7.550715e-04 -8.323702e-04 -8.861078e-04 -7.768217e-04 -6.471658e-04 -7.919178e-04 -7.048107e-04 -5.249906e-04 -5.899262e-04 -4.549659e-04
-7.085268e-04 -6.475207e-04 -8.457311e-04 -7.689251e-04 -7.670278e-04 -1.012755e-03 -9.319443e-04 -7.882521e-04 -1.077156e-03 -1.235005e-03 -1.074587e-03 -1.049440e-03 -9.753141e-04 -9.305625e-04 -8.787196e-04 -9.167315e-04 -9.653384e-04 -9.452169e-04 -9.222938e-04 -9.132760e-04 -9.302581e-04 -1.043658e-03 -1.078520e-03 -9.519114e-04 -7.848291e-04 -8.135087e-04 -9.794233e-04 -7.830099e-04 -6.323387e-04 -7.572414e-04 -5.505672e-04 -6.045638e-04
-6.616361e-04 -8.862445e-04 -7.366838e-04 -9.047916e-04 -1.011571e-03 -8.265539e-04 -9.158635e-04 -1.261828e-03 -1.105772e-03 -9.017629e-04 -1.063332e-03 -1.171932e-03 -1.286510e-03 -1.376264e-03 -1.501546e-03 -1.547655e-03 -1.541753e-03 -1.473737e-03 -1.426313e-03 -1.419059e-03 -1.274306e-03 -1.013077e-03 -9.123229e-04 -9.541640e-04 -1.161912e-03 -1.105330e-03 -7.748962e-04 -7.784909e-04 -8.582058e-04 -5.988762e-04 -6.636450e-04 -5.798675e-04
-8.255539e-04 -7.280906e-04 -1.003585e-03 -9.714375e-04 -8.630536e-04 -1.174232e-03 -1.192894e-03 -8.936804e-04 -1.060833e-03 -1.407922e-03 -1.341522e-03 -1.166151e-03 -1.141071e-03 -1.041175e-03 -8.733906e-04 -8.739791e-04 -9.161945e-04 -9.475116e-04 -9.568096e-04 -1.061055e-03 -1.189111e-03 -1.406955e-03 -1.397033e-03 -1.160571e-03 -8.189882e-04 -8.677601e-04 -1.042999e-03 -9.894685e-04 -7.097942e-04 -7.840138e-04 -6.423514e-04 -7.067564e-04
-7.148582e-04 -9.640295e-04 -8.553505e-04 -9.150939e-04 -1.234223e-03 -9.947433e-04 -9.044871e-04 -1.402679e-03 -1.532137e-03 -1.142782e-03 -8.921599e-04 -9.296430e-04 -9.166502e-04 -1.045930e-03 -1.337469e-03 -1.453719e-03 -1.546834e-03 -1.410906e-03 -1.293452e-03 -1.154386e-03 -9.561201e-04 -7.431121e-04 -8.574593e-04 -1.083044e-03 -1.420813e-03 -1.115323e-03 -8.967831e-04 -9.644011e-04 -9.070910e-04 -8.261586e-04 -8.412141e-04 -7.009096e-04
-1.002815e-03 -8.831728e-04 -1.039819e-03 -1.277184e-03 -8.768539e-04 -1.059992e-03 -1.455573e-03 -1.359242e-03 -9.515372e-04 -8.028854e-04 -1.071324e-03 -1.276382e-03 -1.469516e-03 -1.616974e-03 -1.627147e-03 -1.537415e-03 -1.448449e-03 -1.607254e-03 -1.689254e-03 -1.549890e-03 -1.386789e-03 -1.309412e-03 -1.073112e-03 -9.533996e-04 -8.348686e-04 -1.169179e-03 -1.133820e-03 -8.949136e-04 -1.128677e-03 -9.336598e-04 -8.282827e-04 -9.414374e-04
-9.060944e-04 -1.045314e-03 -1.251374e-03 -9.739183e-04 -1.269818e-03 -1.512697e-03 -1.089680e-03 -8.249906e-04 -1.126414e-03 -1.581488e-03 -1.325525e-03 -9.437250e-04 -6.956881e-04 -3.431312e-04 -2.446901e-04 -3.552581e-04 -4.044465e-04 -3.957250e-04 -6.210066e-04 -7.104294e-04 -8.709986e-04 -9.583625e-04 -1.116490e-03 -1.119332e-03 -9.868699e-04 -8.955954e-04 -1.328953e-03 -1.277320e-03 -8.460482e-04 -1.098237e-03 -9.396694e-04 -8.030630e-04
-9.935617e-04 -1.235429e-03 -9.886101e-04 -1.319164e-03 -1.473148e-03 -9.777062e-04 -8.687739e-04 -1.434110e-03 -1.685816e-03 -1.044235e-03 -1.851376e-05 7.393541e-04 1.182107e-03 1.244789e-03 1.010150e-03 8.553652e-04 6.553261e-04 5.373401e-04 3.466309e-04 2.535401e-05 -2.176987e-04 -4.803757e-04 -7.686983e-04 -9.590670e-04 -1.235699e-03 -1.099910e-03 -8.712864e-04 -1.311520e-03 -1.257725e-03 -8.981312e-04 -1.013190e-03 -8.272675e-04
-1.342299e-03 -1.064797e-03 -1.318223e-03 -1.501257e-03 -1.056837e-03 -9.431374e-04 -1.504863e-03 -1.581755e-03 -8.823236e-04 3.503307e-04 1.265974e-03 1.776867e-03 1.830510e-03 1.688027e-03 1.375873e-03 1.192388e-03 1.278966e-03 1.344983e-03 1.057131e-03 7.159589e-04 4.069993e-04 -3.041810e-05 -2.761122e-04 -6.834274e-04 -1.211884e-03 -1.377333e-03 -1.043464e-03 -8.801895e-04 -1.181947e-03 -1.016290e-03 -8.644440e-04 -9.489679e-04
-1.237209e-03 -1.156902e-03 -1.700052e-03 -1.168552e-03 -1.018586e-03 -1.526336e-03 -1.544844e-03 -8.324272e-04 1.466622e-04 1.086004e-03 1.429751e-03 1.626619e-03 1.638839e-03 1.488215e-03 1.264397e-03 1.179484e-03 1.402291e-03 1.766291e-03 1.772159e-03 1.420655e-03 9.663613e-04 4.664048e-04 3.498804e-05 -2.281789e-04 -8.274527e-04 -1.334811e-03 -1.509562e-03 -8.115979e-04 -8.618313e-04 -1.266643e-03 -7.609472e-04 -9.365598e-04
-1.062152e-03 -1.679085e-03 -1.483168e-03 -9.639263e-04 -1.558379e-03 -1.682170e-03 -8.594183e-04 -1.282802e-04 4.776478e-04 8.748133e-04 1.082819e-03 1.257961e-03 1.274998e-03 1.007970e-03 8.089678e-04 1.135095e-03 1.574708e-03 1.762441e-03 1.616231e-03 1.487159e-03 9.418790e-04 5.450284e-04 2.184463e-04 7.237095e-05 -1.416040e-04 -8.316427e-04 -1.431139e-03 -1.371024e-03 -7.365885e-04 -9.203594e-04 -1.145630e-03 -6.893237e-04
-1.221402e-03 -1.830387e-03 -1.082957e-03 -1.435153e-03 -1.876452e-03 -1.137638e-03 -3.114681e-04 9.837921e-05 2.574619e-04 4.987430e-04 7.009342e-04 8.538676e-04 9.407701e-04 8.270503e-04 8.578529e-04 9.901086e-04 1.404435e-03 1.545585e-03 1.333804e-03 8.834213e-04 8.372673e-04 6.445271e-04 2.719363e-04 8.761963e-05 1.600730e-04 -1.866953e-04 -8.386943e-04 -1.301295e-03 -1.163065e-03 -7.145903e-04 -1.024813e-03 -9.535218e-04
-1.580441e-03 -1.500067e-03 -1.034565e-03 -1.727633e-03 -1.587144e-03 -6.205168e-04 -1.015179e-04 2.380615e-05 1.870229e-04 4.633419e-04 6.311410e-04 6.638350e-04 6.994319e-04 6.693322e-04 6.042355e-04 6.650978e-04 7.658507e-04 9.924588e-04 9.876119e-04 7.696489e-04 1.053217e-03 5.140179e-04 4.566977e-04 1.553239e-04 1.185337e-04 -6.420034e-05 -4.564315e-04 -9.050539e-04 -1.114626e-03 -8.375484e-04 -8.280785e-04 -1.057117e-03
-1.861448e-03 -1.309889e-03 -1.398045e-03 -1.876704e-03 -1.144613e-03 -3.319695e-04 -2.089440e-05 9.186478e-05 3.325474e-04 6.397252e-04 9.418501e-04 7.199046e-04 5.103479e-04 5.515517e-04 7.249843e-04 7.542132e-04 4.372604e-04 6.555032e-05 3.947082e-04 1.231340e-04 6.193141e-04 1.151005e-03 1.897716e-04 7.793037e-05 5.619679e-05 1.206329e-05 -3.340530e-04 -7.836990e-04 -9.876264e-04 -8.083818e-04 -7.837981e-04 -1.070245e-03
-1.876084e-03 -1.332580e-03 -1.679905e-03 -1.961365e-03 -8.505429e-04 -1.577285e-04 -7.161005e-06 1.809983e-04 3.244932e-04 5.147505e-04 6.587347e-04 4.127614e-04 2.792557e-04 2.869373e-04 7.811550e-05 -1.102324e-04 -2.478892e-04 -5.250206e-04 -7.089463e-04 3.695122e-04 -3.645377e-05 1.102392e-03 1.307031e-04 -9.501845e-05 1.657999e-04 1.142428e-04 -2.218946e-04 -7.568724e-04 -9.879401e-04 -7.792927e-04 -7.064586e-04 -1.004838e-03
-1.835740e-03 -1.358056e-03 -1.774488e-03 -1.986717e-03 -7.882285e-04 -1.113229e-04 1.328270e-06 9.340455e-05 5.236627e-05 3.787261e-05 -7.452388e-05 -2.895900e-04 -3.482570e-04 -4.539986e-04 2.557405e-04 4.141571e-04 1.956936e-04 3.690487e-04 7.448730e-05 -2.249629e-04 9.503950e-04 9.713643e-04 3.391452e-05 1.530803e-06 1.718316e-04 9.913184e-05 -6.748340e-05 -5.438892e-04 -1.054543e-03 -8.106926e-04 -6.242390e-04 -9.974779e-04
-1.678541e-03 -1.409527e-03 -1.805619e-03 -1.781281e-03 -7.086599e-04 -6.966183e-05 4.645903e-06 3.266128e-05 -8.029335e-05 -2.201318e-04 -3.554880e-04 -3.175884e-04 -1.011273e-03 -6.984587e-04 5.163325e-04 2.996303e-04 1.340736e-04 3.061290e-04 6.906457e-04 2.186289e-04 1.762046e-03 1.833040e-03 3.150835e-04 4.205753e-04 2.513017e-04 3.416992e-04 3.088362e-04 -3.353052e-05 -9.727868e-04 -9.678029e-04 -5.533802e-04 -1.018123e-03
-1.566320e-03 -1.470191e-03 -1.951960e-03 -1.552460e-03 -6.319040e-04 -8.401870e-05 2.113198e-05 8.180072e-05 -4.685280e-05 -2.498709e-04 -4.215376e-04 -4.451704e-04 -1.191642e-03 -5.626156e-04 4.593590e-04 1.293432e-04 2.970008e-04 7.914876e-04 1.299105e-03 1.608843e-03 1.686315e-03 1.797931e-03 8.726257e-04 1.126887e-03 9.266359e-04 1.426250e-03 1.233017e-03 7.160018e-04 -4.897577e-04 -1.092593e-03 -5.244747e-04 -1.056061e-03
-1.733495e-03 -1.391930e-03 -2.185583e-03 -1.632652e-03 -6.556076e-04 -1.032415e-04 9.599367e-06 2.356973e-05 -1.694188e-05 -1.306485e-04 -6.388620e-04 -6.485082e-04 -1.308367e-03 -7.157805e-04 3.101295e-04 4.460056e-04 1.283046e-03 3.075262e-03 4.865409e-03 4.330608e-03 2.999274e-03 3.019746e-03 2.174719e-03 2.573251e-03 2.513991e-03 3.359486e-03 2.930947e-03 1.718430e-03 -5.365210e-05 -9.657332e-04 -4.973555e-04 -1.005962e-03
-1.993727e-03 -1.154327e-03 -2.113466e-03 -2.140906e-03 -8.433733e-04 -1.562167e-04 -2.165544e-05 -6.387554e-05 -1.650496e-05 2.091443e-05 -4.836187e-04 -6.673778e-04 -1.114225e-03 -1.655682e-03 -6.629841e-04 -9.421294e-05 8.083691e-04 3.546139e-03 6.806711e-03 7.736382e-03 7.529345e-03 7.009448e-03 6.035756e-03 4.465171e-03 5.124136e-03 5.891435e-03 5.115225e-03 2.889690e-03 2.474992e-04 -7.596749e-04 -3.083911e-04 -9.313914e-04
-2.042841e-03 -1.451828e-03 -1.651200e-03 -2.496704e-03 -1.541320e-03 -4.584176e-04 -1.832605e-04 -2.581877e-04 -2.081978e-04 -5.955376e-05 -1.852997e-04 -4.840958e-04 -2.987157e-04 -1.032513e-03 -1.695568e-03 -8.019854e-04 1.593708e-03 6.400852e-03 7.688192e-03 7.371879e-03 7.675565e-03 7.813665e-03 7.921962e-03 7.657124e-03 7.832119e-03 7.736799e-03 6.880740e-03 3.103433e-03 9.143259e-05 -4.550609e-04 -2.391776e-04 -7.601263e-04
-1.757973e-03 -1.986136e-03 -1.398457e-03 -2.238922e-03 -2.157576e-03 -1.076652e-03 -4.589455e-04 -3.822158e-04 -4.077546e-04 -2.556263e-04 -3.670078e-04 -2.295556e-04 -2.284155e-04 1.934787e-04 4.138607e-04 1.067003e-03 3.004647e-03 5.953525e-03 7.161896e-03 7.509283e-03 7.870995e-03 7.847714e-03 7.825283e-03 7.912038e-03 7.827191e-03 7.650859e-03 7.252659e-03 2.150494e-03 -3.829440e-04 -5.924987e-05 -3.781641e-04 -6.210986e-04
-1.656641e-03 -1.927920e-03 -1.660935e-03 -1.844068e-03 -2.254818e-03 -1.545396e-03 -7.542424e-04 -4.497718e-04 -3.588027e-04 -3.058673e-04 -3.716414e-04 -2.312128e-04 -4.057045e-05 2.364736e-04 6.896805e-04 1.746085e-03 3.668974e-03 6.104146e-03 7.552804e-03 7.644745e-03 7.822278e-03 7.753474e-03 7.762335e-03 7.812929e-03 7.728931e-03 7.499766e-03 5.682024e-03 6.464613e-04 -3.377660e-04 8.812081e-05 -6.810977e-04 -4.433158e-04
-1.506307e-03 -1.847248e-03 -1.704064e-03 -1.691242e-03 -2.217822e-03 -1.853004e-03 -1.017186e-03 -5.059801e-04 -3.351902e-04 -2.774075e-04 -3.077749e-04 -1.406604e-04 2.328081e-04 7.859780e-04 1.706772e-03 2.685371e-03 4.143707e-03 6.428976e-03 7.466303e-03 7.778344e-03 7.780097e-03 7.714930e-03 7.632913e-03 7.686796e-03 7.602237e-03 7.305712e-03 2.735567e-03 -2.537841e-04 1.291367e-04 -2.411576e-04 -6.820958e-04 -3.308451e-04
-1.363156e-03 -1.717307e-03 -1.872136e-03 -1.491618e-03 -2.132087e-03 -2.488506e-03 -1.754435e-03 -9.426989e-04 -4.364810e-04 -2.759845e-04 -1.463592e-04 1.219045e-04 5.765208e-04 1.330929e-03 2.367165e-03 3.837962e-03 5.614728e-03 7.458463e-03 7.648783e-03 7.663461e-03 7.794204e-03 7.633216e-03 7.664434e-03 7.569052e-03 6.338645e-03 2.861117e-03 4.137668e-04 -2.536402e-04 2.808357e-04 -6.646301e-04 -5.479674e-04 -5.526495e-04
-1.585730e-03 -1.413870e-03 -2.056926e-03 -1.754527e-03 -1.457065e-03 -2.477609e-03 -2.890333e-03 -2.223926e-03 -1.368371e-03 -6.466890e-04 -2.176081e-04 1.833074e-04 6.272257e-04 1.309219e-03 2.323715e-03 3.543775e-03 5.115835e-03 6.784828e-03 7.781026e-03 7.862600e-03 7.771336e-03 7.729677e-03 6.557263e-03 3.967994e-03 1.842315e-03 1.925802e-04 -1.697142e-04 4.269049e-05 -3.349833e-04 -6.904256e-04 -4.219612e-04 -8.126966e-04
-1.465831e-03 -1.465771e-03 -1.577100e-03 -2.227789e-03 -1.604881e-03 -1.404455e-03 -2.346639e-03 -2.956455e-03 -2.584866e-03 -1.917247e-03 -1.123829e-03 -4.818924e-04 7.463130e-05 6.013594e-04 1.443383e-03 2.427416e-03 3.388142e-03 4.179672e-03 4.822143e-03 4.421805e-03 4.301418e-03 3.651759e-03 1.677723e-03 2.860435e-04 3.315334e-06 -1.913338e-04 -7.447213e-05 -3.207632e-04 -7.247458e-04 -4.368079e-04 -6.509356e-04 -6.090532e-04
-1.168214e-03 -1.627806e-03 -1.366308e-03 -1.750220e-03 -2.364527e-03 -1.655641e-03 -1.362543e-03 -2.063666e-03 -2.522903e-03 -2.447383e-03 -1.857433e-03 -1.288282e-03 -9.044479e-04 -4.311786e-04 7.571309e-05 6.318972e-04 1.085843e-03 1.183188e-03 1.263422e-03 1.322499e-03 9.423414e-04 -8.575118e-05 -7.939609e-04 -4.242292e-04 -1.914322e-04 -2.629212e-04 -5.728233e-04 -6.109578e-04 -5.819246e-04 -5.776297e-04 -7.150765e-04 -5.543242e-04
-1.197209e-03 -1.247172e-03 -1.660727e-03 -1.323650e-03 -1.803847e-03 -2.400377e-03 -1.825243e-03 -1.377630e-03 -1.883492e-03 -2.486051e-03 -2.906525e-03 -2.530729e-03 -1.966793e-03 -1.393206e-03 -7.990990e-04 -4.855953e-04 -3.719000e-04 -2.427178e-04 1.502049e-04 1.143939e-04 -6.034043e-04 -7.845978e-04 -4.371897e-04 -2.693508e-04 -5.080344e-04 -8.614631e-04 -7.178923e-04 -6.108495e-04 -6.200564e-04 -7.654377e-04 -5.203561e-04 -7.136094e-04
-1.272080e-03 -1.171067e-03 -1.281417e-03 -1.761514e-03 -1.271163e-03 -1.434257e-03 -2.255435e-03 -2.002191e-03 -1.390903e-03 -1.294796e-03 -1.480220e-03 -1.621197e-03 -1.470009e-03 -1.106637e-03 -9.015648e-04 -7.615142e-04 -4.928098e-04 -2.870894e-04 -4.470025e-04 -6.918092e-04 -5.882112e-04 -4.841249e-04 -5.381434e-04 -8.394580e-04 -1.033029e-03 -6.627830e-04 -6.058925e-04 -7.696892e-04 -7.978028e-04 -6.158429e-04 -7.520896e-04 -4.964235e-04
-8.930656e-04 -1.264419e-03 -1.153901e-03 -1.142543e-03 -1.641381e-03 -1.502992e-03 -1.262065e-03 -1.825335e-03 -2.138310e-03 -1.830994e-03 -1.575602e-03 -1.194670e-03 -1.145823e-03 -1.077788e-03 -9.414501e-04 -8.131606e-04 -6.958135e-04 -7.673604e-04 -7.612187e-04 -7.694778e-04 -7.587103e-04 -9.149726e-04 -1.101681e-03 -1.050332e-03 -6.534351e-04 -6.913353e-04 -9.120876e-04 -7.753288e-04 -6.862897e-04 -7.453515e-04 -5.853722e-04 -6.395663e-04
-1.024614e-03 -8.668415e-04 -1.130593e-03 -1.187265e-03 -1.074424e-03 -1.422773e-03 -1.510942e-03 -1.153498e-03 -1.343059e-03 -1.807252e-03 -1.996534e-03 -1.951113e-03 -1.756696e-03 -1.558816e-03 -1.373519e-03 -1.207100e-03 -1.134638e-03 -1.156741e-03 -1.189155e-03 -1.103284e-03 -1.128650e-03 -1.087747e-03 -8.955114e-04 -6.583652e-04 -9.732908e-04 -9.897249e-04 -7.150176e-04 -7.603335e-04 -8.010924e-04 -6.683870e-04 -6.403961e-04 -5.607207e-04
