5.090260e-05 2.748781e-05 1.659789e-04 6.745470e-05 3.773271e-05 1.947145e-04 8.664565e-05 3.281975e-05 2.347439e-04 3.280785e-04 1.389012e-04 9.591633e-05 1.627860e-04 2.450254e-04 2.444619e-04 3.296114e-04 2.560152e-04 2.834065e-04 2.248120e-04 1.574717e-04 7.717649e-05 -7.562013e-05 -1.499989e-04 -8.281146e-06 1.568522e-05 -6.001646e-05 -1.739344e-04 -1.063198e-04 -5.098985e-05 -1.815432e-04 -9.901458e-05 -1.121463e-04
9.086536e-05 1.456034e-04 6.229093e-06 1.453455e-04 1.111664e-04 4.486460e-05 2.208080e-04 2.754032e-04 7.703336e-05 8.643442e-05 2.908211e-04 3.512822e-04 3.749352e-04 2.803595e-04 2.216160e-04 1.637796e-04 3.941939e-06 -7.342210e-05 2.732524e-05 3.911031e-05 1.157393e-04 1.992161e-04 1.993740e-04 2.864550e-05 -1.937118e-04 -1.307544e-04 1.175969e-05 -1.684402e-04 -2.161394e-04 -1.185591e-04 -1.367141e-04 -1.356663e-04
1.084087e-04 7.695711e-05 2.254412e-04 1.291725e-04 1.553497e-04 3.161737e-04 1.607024e-04 6.355485e-05 3.952715e-04 4.507188e-04 2.030661e-04 2.006528e-04 2.666203e-04 1.990967e-04 3.067688e-04 4.211579e-04 4.711216e-04 4.140217e-04 3.676808e-04 3.333945e-04 1.244253e-04 -7.485796e-05 -1.011938e-04 6.749702e-06 1.108955e-04 3.761856e-05 -2.839093e-04 -2.007142e-04 -6.849639e-05 -1.910008e-04 -1.258808e-04 -1.937540e-04
2.626691e-05 1.970365e-04 9.878445e-05 1.449538e-04 2.909687e-04 1.111986e-04 3.219417e-04 4.331407e-04 3.169933e-04 2.152482e-04 4.491630e-04 5.622307e-04 5.491930e-04 6.646148e-04 6.880376e-04 5.599200e-04 3.897060e-04 3.154464e-04 3.218043e-04 4.025316e-04 4.357350e-04 4.151819e-04 3.259010e-04 -6.509013e-06 -1.730955e-04 -1.441004e-04 -6.379420e-05 -1.031593e-04 -2.773204e-04 -1.386869e-04 -2.399477e-04 -1.758023e-04
1.791048e-04 6.890169e-05 2.046010e-04 2.136905e-04 9.402586e-05 4.165143e-04 3.794848e-04 1.339217e-04 3.468851e-04 6.422031e-04 7.772050e-04 7.152217e-04 6.157407e-04 4.064367e-04 3.159754e-04 3.197618e-04 2.905268e-04 2.017044e-04 7.894752e-05 6.618130e-05 -5.691347e-05 1.827814e-05 1.096053e-04 1.972424e-04 2.002245e-04 -7.441069e-05 -2.100038e-04 -9.510998e-05 -2.141382e-04 -2.909657e-04 -2.346131e-04 -3.068171e-04
4.931266e-05 1.701966e-04 1.490971e-04 1.190053e-04 4.661377e-04 3.055038e-04 7.924309e-05 5.234254e-04 8.099476e-04 6.869110e-04 4.119636e-04 4.473580e-04 4.658800e-04 5.323419e-04 6.895300e-04 7.220546e-04 7.222246e-04 6.263442e-04 7.242177e-04 5.334535e-04 4.354734e-04 1.541757e-04 5.717692e-05 -4.221208e-05 -1.245842e-05 1.183409e-04 -1.059663e-04 -3.620709e-04 -1.753061e-04 -2.339175e-04 -3.370146e-04 -2.160196e-04
1.358272e-04 1.739700e-04 1.487379e-04 3.786584e-04 2.532180e-04 2.405830e-04 7.426925e-04 8.693315e-04 5.355413e-04 4.099812e-04 7.858560e-04 9.921431e-04 1.025082e-03 1.072184e-03 1.044103e-03 9.729542e-04 8.815957e-04 7.760189e-04 6.628779e-04 6.204612e-04 5.693975e-04 4.657401e-04 3.791425e-04 8.596445e-05 -9.739841e-05 -2.243185e-04 -1.272600e-04 -1.670538e-04 -3.492621e-04 -2.535701e-04 -3.742835e-04 -2.831884e-04
2.268755e-04 9.659852e-05 2.770551e-04 3.668272e-04 2.774091e-04 7.370042e-04 7.113316e-04 4.261294e-04 5.604096e-04 1.083182e-03 1.243101e-03 1.292354e-03 1.119240e-03 7.660235e-04 5.738169e-04 4.577299e-04 3.973678e-04 2.549803e-04 2.645549e-04 2.988208e-04 3.796162e-04 5.053862e-04 5.243008e-04 4.358796e-04 1.283980e-04 -1.644489e-04 -3.212735e-04 -2.688390e-04 -3.740386e-04 -3.884860e-04 -3.206331e-04 -3.198821e-04
-1.989165e-05 3.559514e-04 2.844983e-04 2.692027e-04 6.853725e-04 7.163084e-04 4.190194e-04 6.483961e-04 1.356335e-03 1.479588e-03 1.219688e-03 8.682786e-04 3.841373e-04 1.729348e-04 1.752218e-04 5.927787e-05 -2.604921e-05 -2.987520e-05 4.275091e-05 9.456062e-05 1.398452e-04 2.266311e-04 3.588845e-04 4.913796e-04 2.530431e-04 -5.130691e-05 -4.614360e-04 -4.060944e-04 -3.017675e-04 -5.549106e-04 -4.139993e-04 -3.740931e-04
2.258938e-04 2.917588e-04 1.817751e-04 6.220459e-04 6.925114e-04 4.278681e-04 6.876868e-04 1.296943e-03 1.595525e-03 1.181832e-03 5.810383e-04 1.775419e-04 -3.485056e-05 -2.638221e-05 6.991654e-05 2.463727e-04 1.787356e-04 1.450170e-04 1.137069e-04 2.025766e-04 1.757173e-04 1.779092e-04 2.872114e-04 4.021740e-04 3.391311e-04 7.412431e-05 -3.841359e-04 -7.471003e-04 -4.674387e-04 -3.225015e-04 -5.956647e-04 -3.586728e-04
3.753608e-04 1.405426e-04 3.909712e-04 7.221007e-04 4.982948e-04 5.995949e-04 1.206763e-03 1.442759e-03 1.149756e-03 4.992691e-04 9.806996e-05 -8.690622e-05 4.445086e-06 8.313818e-05 2.730143e-04 3.821225e-04 3.092810e-04 3.435357e-04 2.802300e-04 2.214171e-04 2.872691e-04 2.125014e-04 3.243322e-04 3.508408e-04 3.442031e-04 2.809665e-04 -2.137865e-04 -5.730563e-04 -6.889032e-04 -4.636033e-04 -5.128168e-04 -5.765914e-04
2.903761e-04 1.304513e-04 5.741530e-04 6.308525e-04 6.171891e-04 9.741919e-04 1.307755e-03 1.267405e-03 6.308274e-04 1.557970e-04 -5.168951e-05 -2.436823e-05 1.397578e-04 2.369545e-04 3.151362e-04 3.419627e-04 3.104248e-04 1.854436e-04 2.479182e-04 3.254258e-04 2.958363e-04 3.221576e-04 3.689762e-04 3.260370e-04 2.864321e-04 2.248660e-04 1.411239e-05 -4.333763e-04 -6.813819e-04 -5.578134e-04 -5.514444e-04 -6.310579e-04
1.203435e-04 1.201980e-04 5.626082e-04 3.280499e-04 5.808098e-04 1.013400e-03 1.102687e-03 7.902653e-04 3.154954e-04 5.000811e-05 7.803744e-05 1.449119e-04 1.809876e-04 2.223151e-04 3.053629e-04 3.867298e-04 3.580655e-04 2.539163e-04 1.366467e-04 -3.013876e-06 -5.287759e-06 1.997098e-04 1.233710e-04 2.306970e-04 2.862223e-04 2.426110e-04 5.601862e-05 -3.593384e-04 -7.136434e-04 -5.775725e-04 -5.353290e-04 -6.334462e-04
1.685977e-04 2.554763e-04 4.921014e-04 3.685486e-04 7.472718e-04 8.954855e-04 8.652033e-04 5.853978e-04 2.984564e-04 1.655080e-04 1.573940e-04 1.493078e-04 1.473858e-04 2.373959e-04 2.745838e-04 3.373018e-05 -1.561305e-04 -1.708418e-04 -2.703447e-04 1.110490e-04 1.319770e-04 -9.692428e-05 1.862335e-04 1.797102e-04 2.070399e-04 3.325248e-04 1.661939e-04 -2.021718e-04 -7.455750e-04 -7.493368e-04 -5.182708e-04 -6.704456e-04
6.752496e-05 2.734683e-04 4.018769e-04 3.190463e-04 7.226820e-04 8.168996e-04 6.518163e-04 3.998492e-04 3.585439e-04 3.275908e-04 2.723580e-04 1.565783e-04 9.387912e-05 7.159135e-06 -2.117245e-05 1.484367e-04 3.617701e-04 1.829702e-04 -1.796338e-04 -8.139542e-04 -1.241705e-04 -2.318842e-05 2.424775e-04 2.250359e-04 1.888615e-04 2.764158e-04 3.042812e-04 -7.622060e-06 -7.312813e-04 -9.446979e-04 -5.506462e-04 -5.864440e-04
7.701118e-05 3.185523e-04 4.564817e-04 3.762064e-04 7.292170e-04 8.217727e-04 5.698680e-04 4.061581e-04 4.868274e-04 3.652994e-04 3.280096e-04 1.448418e-04 -9.657559e-05 -3.786394e-04 -1.022889e-04 3.206251e-04 2.975691e-04 1.761582e-04 7.684268e-05 -4.450338e-04 -8.690656e-04 1.765259e-04 7.982021e-05 3.808171e-04 3.060001e-04 2.773613e-04 2.162838e-04 1.040229e-04 -4.994201e-04 -1.089853e-03 -6.958700e-04 -5.876973e-04
2.023624e-05 2.776962e-04 3.356196e-04 5.257234e-04 7.751433e-04 7.144040e-04 5.347641e-04 4.890709e-04 5.705057e-04 5.243679e-04 4.085255e-04 1.193737e-04 -1.069446e-04 -2.406579e-04 1.138629e-05 1.523636e-04 1.084730e-05 -2.238696e-05 -1.336871e-05 -2.879873e-04 -7.837340e-04 1.002441e-04 8.110038e-05 3.320688e-04 3.941319e-04 3.331014e-04 2.103685e-04 9.514697e-05 -3.676263e-04 -1.085643e-03 -8.446503e-04 -5.539056e-04
-8.945935e-06 2.176086e-04 2.822302e-04 4.693286e-04 7.220588e-04 7.488747e-04 5.353028e-04 5.068662e-04 5.763887e-04 6.449852e-04 5.486282e-04 2.465748e-04 2.530881e-05 -3.056803e-04 -1.356723e-04 3.072192e-05 1.395788e-05 -2.396681e-05 -8.338894e-05 -3.301917e-04 -3.712340e-04 2.737028e-05 8.385823e-05 3.174414e-04 4.260275e-04 4.277108e-04 2.488513e-04 -6.749178e-08 -3.904167e-04 -8.483620e-04 -8.726760e-04 -5.449990e-04
-9.936746e-06 8.268724e-05 2.237450e-04 3.447281e-04 5.768558e-04 6.679280e-04 4.210348e-04 3.678584e-04 4.210691e-04 5.900357e-04 6.479983e-04 5.321698e-04 3.826981e-04 -1.196886e-04 -3.137142e-04 -3.036490e-05 -9.953092e-05 -8.010157e-05 -7.959333e-05 5.136395e-05 7.899682e-06 -2.335606e-05 1.260080e-04 2.724258e-04 4.221568e-04 3.858785e-04 2.651953e-04 -1.006580e-04 -5.628081e-04 -7.534113e-04 -7.454052e-04 -5.553308e-04
3.795046e-05 -8.640694e-06 2.120788e-04 3.156720e-04 4.140824e-04 5.679483e-04 4.231970e-04 2.441682e-04 2.254767e-04 4.046973e-04 5.979219e-04 7.128749e-04 7.028422e-04 4.600546e-04 -2.787297e-04 -4.284307e-04 -3.837206e-04 -1.908888e-04 2.135575e-04 4.630498e-04 -8.709813e-05 8.956829e-05 2.219526e-04 2.666450e-04 4.216580e-04 3.275705e-04 2.199535e-04 -3.032949e-04 -7.688207e-04 -6.988895e-04 -5.637053e-04 -5.997871e-04
-3.638759e-05 -4.493329e-05 5.845050e-05 1.496708e-04 2.512420e-04 5.100704e-04 5.265516e-04 2.864841e-04 1.193804e-04 2.257447e-04 4.355326e-04 6.748144e-04 7.472494e-04 9.187932e-04 1.034364e-03 8.226571e-04 7.207880e-04 9.715934e-04 6.455748e-04 -1.007039e-04 2.262784e-04 1.523077e-04 3.805481e-04 2.696111e-04 3.054376e-04 3.071116e-04 5.656743e-05 -4.703552e-04 -9.856706e-04 -6.443642e-04 -4.895625e-04 -6.918870e-04
-1.565119e-04 -8.744805e-05 -8.570077e-05 8.297339e-05 1.084029e-04 3.770451e-04 4.769029e-04 4.836376e-04 2.784144e-04 2.285017e-04 3.694304e-04 3.887452e-04 6.725776e-04 7.545495e-04 6.670767e-04 6.121930e-04 6.149872e-04 3.486758e-04 1.823857e-04 6.900144e-04 2.940955e-04 3.098976e-04 2.405172e-04 3.201501e-04 2.581513e-04 2.510251e-04 -1.583861e-04 -6.638753e-04 -9.664738e-04 -4.974594e-04 -5.607763e-04 -6.599110e-04
-1.532068e-04 -2.199052e-04 -2.492004e-04 -1.123697e-04 1.541828e-05 1.434705e-04 2.284595e-04 4.384700e-04 4.612936e-04 3.720878e-04 3.850522e-04 4.519966e-04 5.863140e-04 7.374029e-04 8.961870e-04 9.408226e-04 7.467243e-04 8.170107e-04 7.342676e-04 4.180589e-04 4.936393e-04 2.773657e-04 3.270814e-04 2.136702e-04 2.508310e-04 1.043658e-04 -4.204515e-04 -8.970657e-04 -7.747635e-04 -3.454675e-04 -7.541121e-04 -5.930741e-04
-2.153891e-04 -1.791239e-04 -2.447820e-04 -2.148283e-04 -1.182546e-04 -1.186009e-04 -1.037015e-04 1.231682e-04 2.127955e-04 4.188950e-04 4.311967e-04 4.838520e-04 5.343852e-04 5.566762e-04 5.407735e-04 5.981298e-04 6.760253e-04 6.050840e-04 8.604040e-04 7.767368e-04 3.326759e-04 2.442126e-04 2.739406e-04 3.472405e-04 2.109812e-04 -2.379848e-04 -7.416657e-04 -8.122574e-04 -5.997200e-04 -5.520647e-04 -7.958595e-04 -4.857834e-04
-2.440842e-04 -3.063033e-04 -2.711214e-04 -3.949548e-04 -1.986434e-04 -3.476845e-04 -6.054556e-04 -4.228009e-04 -1.966994e-04 1.636061e-04 3.192823e-04 4.066417e-04 4.857456e-04 4.303416e-04 5.640793e-04 5.484684e-04 6.281112e-04 7.341823e-04 6.162296e-04 6.218073e-04 4.959179e-04 2.405953e-04 4.088388e-04 2.447733e-04 -1.733843e-04 -6.687646e-04 -8.905502e-04 -6.733970e-04 -4.434848e-04 -8.605092e-04 -5.728988e-04 -4.525783e-04
-2.854558e-04 -3.797143e-04 -2.685497e-04 -4.353650e-04 -4.746104e-04 -2.693904e-04 -5.479011e-04 -7.878277e-04 -7.296666e-04 -4.709174e-04 -1.027992e-04 2.071352e-04 3.327990e-04 4.746369e-04 6.176640e-04 8.593330e-04 7.686812e-04 6.794492e-04 6.861020e-04 5.872014e-04 4.019929e-04 3.508837e-04 1.220051e-04 -2.117780e-04 -7.040559e-04 -8.151766e-04 -6.119820e-04 -4.515139e-04 -6.711810e-04 -7.915300e-04 -4.803957e-04 -6.488314e-04
-2.788991e-04 -3.525267e-04 -4.180057e-04 -2.948456e-04 -5.967141e-04 -6.613875e-04 -4.891490e-04 -7.001392e-04 -9.176671e-04 -1.068211e-03 -8.687370e-04 -5.435774e-04 -1.327833e-04 1.286388e-04 3.827545e-04 4.575531e-04 4.823695e-04 4.846503e-04 4.037411e-04 2.856134e-04 1.012061e-04 -1.386947e-04 -4.348319e-04 -8.602266e-04 -8.344952e-04 -5.716584e-04 -4.124212e-04 -7.343991e-04 -6.754551e-04 -5.686980e-04 -6.110407e-04 -5.166602e-04
-3.276856e-04 -3.320739e-04 -4.202006e-04 -5.428788e-04 -4.159521e-04 -8.795233e-04 -8.098842e-04 -6.232936e-04 -7.945176e-04 -1.033099e-03 -1.326804e-03 -1.423070e-03 -1.226560e-03 -9.779462e-04 -6.024030e-04 -3.341184e-04 -2.654670e-04 -2.965278e-04 -4.368940e-04 -4.603452e-04 -6.060871e-04 -9.227739e-04 -1.070293e-03 -8.845930e-04 -5.213731e-04 -4.645727e-04 -7.844253e-04 -7.549695e-04 -5.110136e-04 -5.218396e-04 -6.912528e-04 -3.671658e-04
-2.551179e-04 -3.364488e-04 -3.455330e-04 -5.083554e-04 -5.142162e-04 -4.852498e-04 -7.866992e-04 -9.859900e-04 -6.428472e-04 -7.090415e-04 -9.609614e-04 -1.337104e-03 -1.492608e-03 -1.393854e-03 -1.250994e-03 -1.245240e-03 -1.235779e-03 -1.220139e-03 -1.003617e-03 -1.005388e-03 -1.157343e-03 -9.916151e-04 -6.962080e-04 -5.038143e-04 -6.107466e-04 -8.504617e-04 -7.074873e-04 -5.190508e-04 -6.190605e-04 -6.351241e-04 -3.693823e-04 -5.509273e-04
-2.396869e-04 -3.632916e-04 -4.514301e-04 -3.870949e-04 -5.832611e-04 -6.520162e-04 -5.057731e-04 -7.795994e-04 -1.142676e-03 -1.003371e-03 -7.724143e-04 -6.902713e-04 -8.592013e-04 -1.071077e-03 -1.172349e-03 -1.257408e-03 -1.087976e-03 -9.731647e-04 -8.598566e-04 -8.665179e-04 -7.710299e-04 -6.209862e-04 -6.677808e-04 -8.203386e-04 -9.453064e-04 -6.841832e-04 -5.380192e-04 -7.096292e-04 -6.354362e-04 -5.051792e-04 -5.490020e-04 -3.558268e-04
-2.937969e-04 -2.598398e-04 -3.439836e-04 -4.730247e-04 -3.769056e-04 -5.246451e-04 -7.432034e-04 -5.169808e-04 -5.977495e-04 -9.186366e-04 -1.113939e-03 -1.138489e-03 -1.028545e-03 -8.185601e-04 -7.465879e-04 -7.298447e-04 -7.891593e-04 -8.529444e-04 -8.733020e-04 -8.996837e-04 -8.814224e-04 -9.418328e-04 -1.041857e-03 -7.968136e-04 -5.684022e-04 -6.000139e-04 -7.925957e-04 -6.457848e-04 -4.916443e-04 -5.699480e-04 -4.138199e-04 -4.068239e-04
-2.347036e-04 -2.817105e-04 -3.725547e-04 -3.765583e-04 -4.730824e-04 -3.733321e-04 -3.914497e-04 -7.398223e-04 -7.062941e-04 -4.824440e-04 -6.326197e-04 -8.656051e-04 -1.127213e-03 -1.275873e-03 -1.340394e-03 -1.378017e-03 -1.354796e-03 -1.226680e-03 -1.045717e-03 -9.734239e-04 -9.571541e-04 -8.256821e-04 -5.720433e-04 -6.075851e-04 -8.062794e-04 -7.437650e-04 -5.059562e-04 -5.172793e-04 -6.515533e-04 -3.982729e-04 -4.346239e-04 -4.050147e-04
