5.250155e-04 6.076811e-04 6.185021e-04 6.459253e-04 7.467483e-04 6.679777e-04 6.836152e-04 8.962333e-04 8.768017e-04 7.692470e-04 8.446627e-04 1.044070e-03 1.126512e-03 1.091673e-03 1.063796e-03 1.028418e-03 9.740321e-04 9.537509e-04 9.673148e-04 1.018065e-03 1.088880e-03 1.042594e-03 8.681190e-04 6.908507e-04 7.024349e-04 9.061184e-04 8.849444e-04 6.609077e-04 7.572598e-04 7.076906e-04 5.374707e-04 5.885230e-04
6.059244e-04 6.128072e-04 7.190011e-04 7.647473e-04 6.946449e-04 8.841885e-04 8.575572e-04 6.797202e-04 8.662399e-04 1.153093e-03 1.031658e-03 8.574348e-04 8.503720e-04 8.667366e-04 8.970397e-04 1.025977e-03 1.223735e-03 1.305839e-03 1.186132e-03 1.048735e-03 8.915248e-04 8.412285e-04 9.524621e-04 1.090010e-03 1.054034e-03 8.488745e-04 7.656112e-04 9.434411e-04 8.133877e-04 6.233762e-04 7.078922e-04 5.764925e-04
6.097114e-04 7.217441e-04 7.225721e-04 7.761802e-04 9.609360e-04 7.621915e-04 8.370816e-04 1.102502e-03 1.062299e-03 8.006588e-04 8.966294e-04 1.145526e-03 1.250201e-03 1.320095e-03 1.378325e-03 1.342147e-03 1.240042e-03 1.247372e-03 1.298453e-03 1.391990e-03 1.499048e-03 1.413927e-03 1.141638e-03 8.843828e-04 8.987387e-04 1.097627e-03 1.130011e-03 8.666935e-04 7.795064e-04 8.214296e-04 6.188477e-04 6.819809e-04
7.013333e-04 6.846159e-04 7.591676e-04 9.097110e-04 7.636962e-04 1.012197e-03 1.107188e-03 8.490473e-04 8.964638e-04 1.308683e-03 1.399463e-03 1.108643e-03 9.486680e-04 8.545765e-04 6.984319e-04 7.127878e-04 8.806319e-04 9.620015e-04 8.821726e-04 8.606962e-04 8.630432e-04 9.736577e-04 1.264391e-03 1.426159e-03 1.289381e-03 9.404316e-04 9.383365e-04 1.093833e-03 9.385597e-04 8.094063e-04 8.632665e-04 6.569191e-04
6.693671e-04 7.937904e-04 8.476938e-04 7.698734e-04 1.088621e-03 9.983955e-04 7.699814e-04 1.190927e-03 1.525441e-03 1.289374e-03 7.846470e-04 7.684191e-04 9.224110e-04 1.048764e-03 1.378598e-03 1.635516e-03 1.631570e-03 1.656402e-03 1.622736e-03 1.533591e-03 1.339101e-03 1.000836e-03 7.981174e-04 8.787528e-04 1.164915e-03 1.427700e-03 1.096396e-03 9.364718e-04 1.159781e-03 9.735353e-04 8.697821e-04 9.680564e-04
7.778290e-04 8.489176e-04 8.368368e-04 1.120522e-03 9.677325e-04 8.724027e-04 1.411508e-03 1.372601e-03 9.367670e-04 7.682895e-04 1.126188e-03 1.479479e-03 1.643450e-03 1.731040e-03 1.784785e-03 1.709600e-03 1.616998e-03 1.532756e-03 1.600785e-03 1.684898e-03 1.569575e-03 1.459817e-03 1.322182e-03 1.037626e-03 8.917408e-04 1.042975e-03 1.409485e-03 1.302974e-03 9.171265e-04 1.200891e-03 1.031434e-03 8.085280e-04
9.354279e-04 8.214440e-04 1.100270e-03 1.010181e-03 1.007640e-03 1.444511e-03 1.271836e-03 8.181322e-04 1.009720e-03 1.497896e-03 1.742969e-03 1.482172e-03 1.288071e-03 1.195938e-03 1.131588e-03 1.036834e-03 9.859906e-04 9.635855e-04 8.657936e-04 9.011002e-04 9.948245e-04 1.214614e-03 1.386532e-03 1.511438e-03 1.289525e-03 9.329584e-04 9.496615e-04 1.435022e-03 1.415777e-03 9.503599e-04 1.149284e-03 9.562779e-04
8.609698e-04 1.152409e-03 1.057274e-03 1.043343e-03 1.445605e-03 1.251454e-03 8.054898e-04 1.256594e-03 1.771703e-03 1.666056e-03 1.198033e-03 8.880762e-04 6.985759e-04 6.702167e-04 6.894108e-04 6.917363e-04 7.260279e-04 7.665040e-04 6.431679e-04 5.520211e-04 5.612870e-04 7.104409e-04 9.427498e-04 1.374826e-03 1.642017e-03 1.617279e-03 1.157895e-03 9.182281e-04 1.386043e-03 1.229848e-03 8.823310e-04 1.097253e-03
1.105367e-03 1.158500e-03 1.035610e-03 1.517802e-03 1.272275e-03 8.787240e-04 1.256594e-03 1.771408e-03 1.580136e-03 9.899864e-04 5.981273e-04 4.921205e-04 5.188454e-04 6.257665e-04 6.566599e-04 7.820840e-04 8.840013e-04 7.953959e-04 6.421887e-04 4.932077e-04 4.716233e-04 4.630486e-04 5.749086e-04 7.931784e-04 1.365690e-03 1.779061e-03 1.769694e-03 1.088664e-03 9.179761e-04 1.360722e-03 9.472568e-04 9.429011e-04
1.380989e-03 9.714690e-04 1.463028e-03 1.399592e-03 8.859308e-04 1.273816e-03 1.748707e-03 1.511546e-03 9.261908e-04 4.724513e-04 4.333359e-04 4.955475e-04 5.752182e-04 6.568111e-04 7.050844e-04 7.680015e-04 8.285285e-04 8.195866e-04 6.778843e-04 4.610327e-04 4.547115e-04 3.956389e-04 4.451289e-04 4.415578e-04 7.605643e-04 1.366856e-03 1.851187e-03 1.782805e-03 9.438155e-04 9.150099e-04 1.406216e-03 7.757987e-04
1.162791e-03 1.179566e-03 1.673328e-03 9.914334e-04 1.241310e-03 1.753848e-03 1.454785e-03 7.969222e-04 3.646951e-04 2.970621e-04 3.830468e-04 5.229923e-04 5.738430e-04 6.349819e-04 7.342498e-04 7.720837e-04 7.145734e-04 6.660986e-04 7.175540e-04 6.152047e-04 3.953005e-04 4.700682e-04 3.700875e-04 3.056584e-04 3.502167e-04 6.457166e-04 1.244751e-03 1.710672e-03 1.480494e-03 8.119982e-04 1.102955e-03 1.140659e-03
9.349311e-04 1.542792e-03 1.395345e-03 9.072991e-04 1.695963e-03 1.632845e-03 8.371247e-04 2.849668e-04 2.034243e-04 2.518487e-04 3.692740e-04 4.770446e-04 5.072613e-04 5.261962e-04 5.499260e-04 5.870903e-04 6.494387e-04 6.061476e-04 5.128625e-04 3.926943e-04 3.985835e-04 3.343416e-04 2.496025e-04 1.787801e-04 1.686143e-04 3.131316e-04 6.234266e-04 1.260518e-03 1.456383e-03 1.074481e-03 8.642888e-04 1.154835e-03
1.055193e-03 1.737908e-03 1.101155e-03 1.193512e-03 1.820034e-03 1.219171e-03 4.141346e-04 1.364178e-04 1.869517e-04 1.988454e-04 2.229568e-04 2.888042e-04 3.498999e-04 4.365541e-04 4.791181e-04 4.925525e-04 5.164767e-04 6.206260e-04 6.833848e-04 7.803848e-04 5.480254e-04 3.619880e-04 3.482656e-04 1.816888e-04 1.048332e-04 1.674048e-04 3.776975e-04 9.826572e-04 1.301412e-03 1.063429e-03 8.529135e-04 1.086122e-03
1.310303e-03 1.811193e-03 1.069751e-03 1.603319e-03 1.828954e-03 8.133085e-04 1.942016e-04 1.113920e-04 1.210394e-04 9.045561e-05 1.483403e-04 2.417477e-04 3.313610e-04 3.053417e-04 3.961356e-04 6.393593e-04 8.908408e-04 1.038274e-03 9.552843e-04 4.790893e-04 6.927946e-04 5.519707e-04 4.773758e-04 2.587459e-04 1.318748e-04 1.367417e-04 2.675222e-04 7.875700e-04 1.281203e-03 1.116692e-03 8.026747e-04 1.009360e-03
1.477737e-03 1.781351e-03 1.136275e-03 1.918265e-03 1.723192e-03 5.885302e-04 1.113344e-04 8.363760e-05 7.280222e-05 7.531488e-05 1.471380e-04 3.197984e-04 3.611673e-04 3.838963e-04 6.966320e-04 8.659375e-04 7.189651e-04 6.892020e-04 9.949253e-04 1.465713e-03 3.872442e-04 6.986479e-04 2.481194e-04 3.579922e-04 2.756650e-04 1.383401e-04 2.029059e-04 5.598398e-04 1.233728e-03 1.373674e-03 8.492704e-04 9.324689e-04
1.612823e-03 1.636725e-03 1.261792e-03 2.064928e-03 1.600526e-03 4.698954e-04 8.900129e-05 5.599839e-05 4.643013e-05 1.324076e-04 2.265782e-04 4.168561e-04 4.947412e-04 8.668663e-04 8.796598e-04 3.998651e-04 1.314069e-04 1.082458e-04 1.625307e-04 1.120493e-03 1.373883e-03 2.832605e-04 2.164340e-04 3.207128e-04 3.102086e-04 2.037555e-04 1.842518e-04 4.126443e-04 1.049268e-03 1.599410e-03 9.802741e-04 8.578811e-04
1.733588e-03 1.431098e-03 1.427685e-03 1.995992e-03 1.405287e-03 3.758112e-04 7.670440e-05 3.944654e-05 4.570297e-05 1.866421e-04 3.380350e-04 4.992050e-04 7.515936e-04 1.117570e-03 4.436601e-04 8.226967e-05 7.210386e-05 4.134723e-05 1.271303e-04 7.548839e-04 1.653536e-03 1.438693e-04 1.630130e-04 2.201490e-04 2.125966e-04 2.120062e-04 1.949072e-04 3.361991e-04 8.392630e-04 1.628381e-03 1.202525e-03 7.814288e-04
1.883642e-03 1.341873e-03 1.535585e-03 2.026316e-03 1.280619e-03 3.271204e-04 7.379576e-05 4.298153e-05 5.404009e-05 1.703062e-04 4.325656e-04 6.564079e-04 9.132244e-04 1.040391e-03 3.418652e-04 7.118951e-05 5.714312e-05 9.980788e-05 3.393525e-04 1.245025e-03 1.153345e-03 1.551223e-04 9.863434e-05 1.636754e-04 1.830711e-04 1.790177e-04 2.204153e-04 3.318721e-04 7.435517e-04 1.336589e-03 1.296912e-03 7.985925e-04
1.889373e-03 1.462574e-03 1.402098e-03 2.155657e-03 1.435302e-03 4.175472e-04 1.074826e-04 7.296781e-05 6.715774e-05 1.091241e-04 3.355655e-04 6.978775e-04 8.828997e-04 1.174353e-03 7.758707e-04 1.725669e-04 1.801121e-04 4.308665e-04 1.011016e-03 1.472567e-03 3.689356e-04 3.338304e-04 8.729499e-05 1.399600e-04 1.916818e-04 1.663392e-04 2.182915e-04 4.111324e-04 8.211417e-04 1.009375e-03 1.138831e-03 8.207745e-04
1.609223e-03 1.788536e-03 1.172021e-03 2.137312e-03 1.863520e-03 6.810593e-04 1.716813e-04 1.445173e-04 1.608388e-04 8.352960e-05 2.055194e-04 5.716832e-04 7.997589e-04 1.149198e-03 1.940123e-03 1.416735e-03 1.248783e-03 1.601059e-03 1.462056e-03 5.110339e-04 3.904624e-04 3.559980e-04 1.833231e-04 8.411997e-05 1.637402e-04 1.772466e-04 3.014539e-04 6.185093e-04 1.008194e-03 8.790120e-04 8.765497e-04 8.296804e-04
1.368346e-03 2.000211e-03 1.294838e-03 1.829307e-03 2.225443e-03 1.186874e-03 4.001315e-04 2.586236e-04 3.238158e-04 2.008613e-04 2.138565e-04 2.921592e-04 6.060396e-04 6.075083e-04 1.032306e-03 1.625587e-03 1.549704e-03 9.884241e-04 3.924998e-04 6.434415e-04 6.506339e-04 1.226162e-04 1.669296e-04 1.309245e-04 1.472387e-04 2.640664e-04 4.174392e-04 8.708908e-04 1.265335e-03 8.292268e-04 7.052355e-04 9.170402e-04
1.415000e-03 1.841273e-03 1.723394e-03 1.521539e-03 2.207120e-03 1.708584e-03 7.981750e-04 3.980148e-04 3.306842e-04 3.094958e-04 2.752186e-04 3.151547e-04 3.607569e-04 5.110482e-04 4.776494e-04 4.306217e-04 3.543565e-04 5.732671e-04 9.741905e-04 6.537944e-04 2.036115e-04 1.735892e-04 2.216393e-04 2.510280e-04 2.703661e-04 3.296331e-04 5.778820e-04 1.047821e-03 1.300649e-03 6.775819e-04 7.717093e-04 9.395749e-04
1.350074e-03 1.750947e-03 1.730471e-03 1.560460e-03 2.022810e-03 2.032220e-03 1.195931e-03 5.972345e-04 3.516278e-04 2.986317e-04 3.069976e-04 3.443346e-04 3.877697e-04 3.836228e-04 3.694108e-04 4.835674e-04 5.449439e-04 4.817675e-04 4.554890e-04 5.299544e-04 2.908417e-04 1.990110e-04 4.028889e-04 3.361775e-04 3.677477e-04 4.573321e-04 9.015682e-04 1.238351e-03 1.120788e-03 5.279601e-04 9.934854e-04 8.656279e-04
1.338785e-03 1.565593e-03 1.846924e-03 1.511237e-03 1.810458e-03 2.408053e-03 1.850416e-03 1.019188e-03 5.550953e-04 3.561059e-04 2.774433e-04 3.077391e-04 2.809063e-04 2.728355e-04 3.906496e-04 4.778654e-04 6.298630e-04 6.818441e-04 4.905150e-04 2.613378e-04 2.361321e-04 3.459257e-04 4.299593e-04 4.206503e-04 4.573682e-04 7.072514e-04 1.139831e-03 1.198573e-03 9.457449e-04 6.634563e-04 1.127664e-03 7.749275e-04
1.583153e-03 1.358598e-03 1.842453e-03 1.790904e-03 1.445281e-03 2.300592e-03 2.750336e-03 1.996503e-03 1.244254e-03 6.635355e-04 3.324769e-04 2.071969e-04 2.063041e-04 2.688182e-04 3.436435e-04 4.801260e-04 5.142449e-04 4.200239e-04 3.602241e-04 2.764353e-04 1.700614e-04 3.566531e-04 3.566819e-04 4.686067e-04 7.398223e-04 1.126181e-03 1.331376e-03 9.009202e-04 6.473077e-04 1.109363e-03 9.236637e-04 7.677927e-04
1.420702e-03 1.524440e-03 1.505707e-03 2.044618e-03 1.659627e-03 1.447297e-03 2.420228e-03 2.859237e-03 2.369730e-03 1.667784e-03 9.441610e-04 5.086148e-04 3.616208e-04 3.548748e-04 3.990803e-04 3.825644e-04 2.954639e-04 2.472338e-04 2.287309e-04 1.783194e-04 1.905155e-04 2.676950e-04 4.278426e-04 7.687359e-04 1.225463e-03 1.220452e-03 8.940159e-04 5.652755e-04 8.963341e-04 1.139925e-03 7.363593e-04 9.024250e-04
1.198472e-03 1.525693e-03 1.406310e-03 1.626804e-03 2.220187e-03 1.737383e-03 1.520113e-03 2.231181e-03 2.723632e-03 2.649023e-03 2.278907e-03 1.700154e-03 1.239589e-03 9.994970e-04 7.809319e-04 5.354909e-04 3.850627e-04 4.301825e-04 5.229419e-04 5.344181e-04 5.244827e-04 6.340316e-04 9.609793e-04 1.386374e-03 1.310872e-03 8.513223e-04 5.617333e-04 9.619223e-04 9.669692e-04 8.507320e-04 8.148636e-04 9.219359e-04
1.268589e-03 1.254017e-03 1.659728e-03 1.400831e-03 1.781091e-03 2.287323e-03 1.864549e-03 1.713509e-03 2.290009e-03 2.812994e-03 3.097219e-03 3.056023e-03 2.930613e-03 2.539798e-03 1.974652e-03 1.542835e-03 1.455224e-03 1.645077e-03 1.693012e-03 1.401248e-03 1.283917e-03 1.503432e-03 1.677021e-03 1.368080e-03 7.820767e-04 6.304750e-04 1.030909e-03 1.067814e-03 7.954176e-04 7.849133e-04 9.922470e-04 6.515698e-04
1.238682e-03 1.225211e-03 1.374127e-03 1.617531e-03 1.386388e-03 1.760328e-03 2.343811e-03 2.083316e-03 1.621671e-03 2.071811e-03 2.686346e-03 3.323192e-03 3.279613e-03 3.014957e-03 2.782035e-03 2.717030e-03 2.771560e-03 2.672969e-03 2.233665e-03 1.887040e-03 1.939454e-03 1.723955e-03 1.155994e-03 7.502977e-04 8.003493e-04 1.156196e-03 1.134093e-03 7.868645e-04 8.987244e-04 9.124180e-04 7.177772e-04 8.116310e-04
1.002838e-03 1.346855e-03 1.183770e-03 1.318518e-03 1.628446e-03 1.424647e-03 1.548588e-03 2.251390e-03 2.313472e-03 1.749932e-03 1.620886e-03 1.680945e-03 1.963637e-03 2.327194e-03 2.485348e-03 2.504045e-03 2.341723e-03 2.013609e-03 1.826830e-03 1.643889e-03 1.261627e-03 9.196104e-04 9.213743e-04 1.175844e-03 1.355322e-03 1.096569e-03 8.721939e-04 9.679628e-04 9.956813e-04 7.943232e-04 8.025955e-04 7.018517e-04
1.085388e-03 9.210791e-04 1.225636e-03 1.162704e-03 1.199307e-03 1.527169e-03 1.570345e-03 1.389153e-03 1.837277e-03 2.305106e-03 2.227854e-03 2.079392e-03 1.756145e-03 1.548530e-03 1.497888e-03 1.438485e-03 1.402998e-03 1.310361e-03 1.285688e-03 1.295479e-03 1.270108e-03 1.382659e-03 1.582224e-03 1.495973e-03 9.760479e-04 8.986380e-04 1.091220e-03 1.100831e-03 7.926385e-04 9.064928e-04 7.716949e-04 6.864878e-04
8.129917e-04 1.033011e-03 9.247725e-04 1.139709e-03 1.162762e-03 1.162553e-03 1.436634e-03 1.661765e-03 1.391234e-03 1.392537e-03 1.817636e-03 2.126463e-03 2.331190e-03 2.413489e-03 2.342918e-03 2.247819e-03 2.153497e-03 1.987460e-03 1.882339e-03 1.776865e-03 1.708455e-03 1.465591e-03 1.107671e-03 9.607201e-04 1.209185e-03 1.234362e-03 1.020253e-03 8.230135e-04 1.066309e-03 7.490378e-04 7.474683e-04 7.131191e-04
