5.599874e-04 7.247601e-04 6.672911e-04 7.580444e-04 8.585282e-04 7.600511e-04 8.223730e-04 1.074576e-03 9.724977e-04 8.820175e-04 1.035808e-03 1.116563e-03 1.150503e-03 1.242125e-03 1.298864e-03 1.324320e-03 1.300439e-03 1.233343e-03 1.204793e-03 1.171066e-03 1.025938e-03 7.811413e-04 7.826115e-04 8.481073e-04 9.136478e-04 8.102632e-04 6.865087e-04 8.135564e-04 7.225150e-04 5.663006e-04 6.194334e-04 4.844731e-04
7.183625e-04 6.632578e-04 8.673696e-04 7.925308e-04 7.886664e-04 1.024558e-03 9.555500e-04 8.098907e-04 1.104696e-03 1.254677e-03 1.113930e-03 1.078947e-03 1.026460e-03 9.640040e-04 9.298653e-04 9.796801e-04 1.036156e-03 1.016034e-03 9.931109e-04 9.585203e-04 9.794367e-04 1.126278e-03 1.129666e-03 9.814185e-04 8.143362e-04 8.449830e-04 1.014832e-03 8.262870e-04 6.756159e-04 7.926500e-04 5.800743e-04 6.380053e-04
6.872090e-04 8.862445e-04 7.602895e-04 9.559374e-04 1.043045e-03 8.403239e-04 9.650421e-04 1.273631e-03 1.127411e-03 9.411058e-04 1.098741e-03 1.256520e-03 1.351426e-03 1.445114e-03 1.546790e-03 1.596833e-03 1.604701e-03 1.558324e-03 1.546309e-03 1.499712e-03 1.337254e-03 1.034715e-03 9.516658e-04 1.009244e-03 1.213058e-03 1.125002e-03 8.437463e-04 8.099652e-04 9.073844e-04 6.362519e-04 7.187251e-04 6.133090e-04
8.570282e-04 7.536635e-04 1.023256e-03 9.950432e-04 9.122322e-04 1.205707e-03 1.222401e-03 9.448261e-04 1.106077e-03 1.449232e-03 1.388733e-03 1.195658e-03 1.180414e-03 1.121828e-03 9.697807e-04 9.447963e-04 9.850445e-04 1.018329e-03 1.031561e-03 1.125970e-03 1.248125e-03 1.489575e-03 1.452113e-03 1.209750e-03 8.957068e-04 9.405445e-04 1.109882e-03 1.058319e-03 7.629071e-04 8.213895e-04 6.954643e-04 7.382308e-04
7.423982e-04 1.009274e-03 8.966605e-04 9.603382e-04 1.287335e-03 1.067528e-03 9.733372e-04 1.477430e-03 1.591151e-03 1.219500e-03 1.000353e-03 1.022099e-03 9.992702e-04 1.112812e-03 1.429925e-03 1.591419e-03 1.664863e-03 1.572212e-03 1.435086e-03 1.268480e-03 1.021036e-03 8.099950e-04 9.735209e-04 1.201072e-03 1.501466e-03 1.201877e-03 1.018746e-03 1.019481e-03 9.641381e-04 8.714029e-04 8.825242e-04 7.382854e-04
1.018552e-03 9.048114e-04 1.061458e-03 1.316527e-03 9.594740e-04 1.117039e-03 1.532292e-03 1.483172e-03 1.104974e-03 9.799284e-04 1.212958e-03 1.388510e-03 1.593446e-03 1.790082e-03 1.839599e-03 1.724294e-03 1.639262e-03 1.768560e-03 1.817118e-03 1.709228e-03 1.563832e-03 1.433342e-03 1.159667e-03 1.055691e-03 1.007977e-03 1.275404e-03 1.216440e-03 9.834351e-04 1.179823e-03 9.907070e-04 8.931984e-04 1.006353e-03
9.434702e-04 1.051216e-03 1.296619e-03 1.027031e-03 1.307194e-03 1.614988e-03 1.256887e-03 9.843293e-04 1.270015e-03 1.760499e-03 1.720921e-03 1.508296e-03 1.327142e-03 1.177201e-03 1.064989e-03 1.006383e-03 9.021341e-04 7.812853e-04 8.472282e-04 9.287825e-04 1.103122e-03 1.263270e-03 1.364350e-03 1.243263e-03 1.065556e-03 1.023460e-03 1.401737e-03 1.352071e-03 9.286682e-04 1.171022e-03 1.002618e-03 8.345373e-04
1.007332e-03 1.296410e-03 1.049592e-03 1.372277e-03 1.581341e-03 1.156716e-03 1.041883e-03 1.617054e-03 1.978920e-03 1.703228e-03 1.112246e-03 7.478073e-04 5.470135e-04 5.099045e-04 4.848804e-04 4.763917e-04 5.131579e-04 4.383638e-04 3.812127e-04 4.192207e-04 5.658834e-04 8.462646e-04 1.142456e-03 1.324956e-03 1.430447e-03 1.186464e-03 9.480051e-04 1.362666e-03 1.324608e-03 9.453427e-04 1.091876e-03 8.587418e-04
1.367872e-03 1.102173e-03 1.349697e-03 1.607483e-03 1.176833e-03 1.047396e-03 1.670103e-03 1.935841e-03 1.535416e-03 8.456933e-04 5.005217e-04 4.086309e-04 4.494106e-04 4.522269e-04 4.712756e-04 5.327978e-04 5.209711e-04 4.490529e-04 3.651144e-04 3.443322e-04 3.070742e-04 4.553214e-04 6.695412e-04 1.124068e-03 1.489252e-03 1.542573e-03 1.183131e-03 9.864153e-04 1.260632e-03 1.091042e-03 9.175569e-04 1.009949e-03
1.274585e-03 1.186409e-03 1.721691e-03 1.231501e-03 1.081535e-03 1.630595e-03 1.853686e-03 1.349786e-03 7.464215e-04 3.814859e-04 4.193647e-04 5.195356e-04 5.112506e-04 4.297509e-04 5.237378e-04 7.050408e-04 7.379625e-04 6.139547e-04 4.231745e-04 3.596109e-04 2.788414e-04 2.929131e-04 3.879481e-04 6.334107e-04 1.159900e-03 1.596441e-03 1.666934e-03 9.847067e-04 9.680571e-04 1.363034e-03 8.455344e-04 1.001475e-03
1.075922e-03 1.712526e-03 1.524478e-03 9.973678e-04 1.601657e-03 1.812002e-03 1.219406e-03 5.964607e-04 2.560971e-04 3.192435e-04 5.282727e-04 5.990237e-04 5.288738e-04 6.050885e-04 7.332736e-04 7.199222e-04 7.248843e-04 7.751759e-04 6.145110e-04 3.934317e-04 4.665967e-04 3.185481e-04 3.048142e-04 3.053208e-04 5.350329e-04 1.136550e-03 1.623919e-03 1.548067e-03 8.762557e-04 1.014782e-03 1.247922e-03 7.562066e-04
1.223370e-03 1.867762e-03 1.114432e-03 1.456792e-03 1.961039e-03 1.295010e-03 5.435912e-04 1.809553e-04 1.517043e-04 2.881149e-04 5.265641e-04 5.546081e-04 5.601613e-04 5.814254e-04 5.702942e-04 6.229501e-04 5.548416e-04 5.297529e-04 5.841622e-04 5.742330e-04 4.099025e-04 3.075709e-04 2.473899e-04 1.818792e-04 2.549945e-04 5.250442e-04 1.055080e-03 1.440962e-03 1.318469e-03 7.913089e-04 1.107433e-03 1.024339e-03
1.596178e-03 1.537442e-03 1.048335e-03 1.766976e-03 1.683534e-03 7.188741e-04 1.979080e-04 1.237297e-04 1.591946e-04 2.625345e-04 4.271829e-04 4.554704e-04 4.513477e-04 5.935748e-04 6.783428e-04 6.784620e-04 7.449164e-04 7.858401e-04 6.962640e-04 4.598166e-04 4.201744e-04 3.377558e-04 2.337702e-04 1.476163e-04 1.411294e-04 3.179620e-04 6.944560e-04 1.074228e-03 1.218884e-03 9.319714e-04 8.988957e-04 1.110230e-03
1.875218e-03 1.335461e-03 1.409848e-03 1.919981e-03 1.233135e-03 3.811481e-04 9.564590e-05 1.068168e-04 1.120273e-04 1.668042e-04 3.171226e-04 3.600580e-04 4.535531e-04 4.871007e-04 6.028384e-04 7.604882e-04 8.748252e-04 8.314677e-04 6.616485e-04 8.840441e-04 6.475271e-04 5.466409e-04 3.354560e-04 2.073056e-04 1.483863e-04 2.338298e-04 5.169975e-04 9.450049e-04 1.103688e-03 9.028047e-04 8.959253e-04 1.121390e-03
1.909525e-03 1.340448e-03 1.707445e-03 2.036116e-03 9.390644e-04 2.187100e-04 7.601107e-05 6.489477e-05 9.254148e-05 2.052244e-04 3.110677e-04 4.626180e-04 4.820293e-04 7.654851e-04 1.226101e-03 1.239373e-03 1.276706e-03 1.461382e-03 1.434823e-03 4.429186e-04 8.764246e-04 4.831270e-04 5.518961e-04 3.232072e-04 1.941876e-04 2.044347e-04 4.264776e-04 9.653898e-04 1.200392e-03 8.933871e-04 8.421916e-04 1.109097e-03
1.880985e-03 1.361990e-03 1.857108e-03 2.061468e-03 8.492100e-04 1.546001e-04 7.342323e-05 5.216417e-05 1.423811e-04 2.650677e-04 4.128728e-04 6.082674e-04 8.144703e-04 1.209382e-03 9.166777e-04 4.081094e-04 2.370783e-04 3.745320e-04 1.153011e-03 1.393447e-03 2.731690e-04 5.512057e-04 4.873789e-04 3.781281e-04 3.120860e-04 2.077427e-04 3.232122e-04 8.605996e-04 1.383056e-03 9.995385e-04 7.560377e-04 1.146981e-03
1.735589e-03 1.441002e-03 1.919713e-03 1.879639e-03 7.814443e-04 1.365448e-04 6.617131e-05 4.995879e-05 2.317635e-04 4.188134e-04 5.699067e-04 6.992145e-04 1.300444e-03 1.182376e-03 3.354411e-04 8.789727e-05 5.083796e-05 1.010699e-04 3.598096e-04 1.825234e-03 2.739488e-04 5.668768e-04 2.907971e-04 2.502211e-04 3.054003e-04 2.346742e-04 3.108144e-04 6.374440e-04 1.383920e-03 1.188123e-03 7.225547e-04 1.147954e-03
1.631235e-03 1.497731e-03 2.050317e-03 1.684259e-03 7.027212e-04 1.292630e-04 5.361952e-05 5.589940e-05 2.219287e-04 4.878954e-04 7.146422e-04 9.015480e-04 1.535893e-03 9.265374e-04 1.150473e-04 8.900990e-05 7.085525e-05 1.055304e-04 4.693583e-04 1.603504e-03 2.650925e-04 4.229758e-04 1.935667e-04 1.655276e-04 2.261110e-04 2.674618e-04 3.682387e-04 5.901823e-04 1.180226e-03 1.291274e-03 7.703677e-04 1.136714e-03
1.763002e-03 1.409635e-03 2.215090e-03 1.727075e-03 7.185562e-04 1.465186e-04 7.498786e-05 9.249181e-05 1.310363e-04 3.981802e-04 8.237736e-04 9.376784e-04 1.562129e-03 9.695422e-04 1.187080e-04 5.561628e-05 1.116597e-04 4.065845e-04 1.102908e-03 1.145923e-03 2.071715e-04 3.125976e-04 2.212631e-04 1.296058e-04 1.593585e-04 2.679287e-04 4.289363e-04 7.326329e-04 9.742758e-04 1.170316e-03 8.376716e-04 1.145630e-03
1.995694e-03 1.213341e-03 2.142973e-03 2.195986e-03 9.535334e-04 2.368696e-04 1.377170e-04 1.799371e-04 1.286322e-04 2.230115e-04 6.429575e-04 9.073695e-04 1.411264e-03 1.883871e-03 9.324829e-04 5.427219e-04 8.637040e-04 1.241892e-03 1.244812e-03 3.151407e-04 5.221781e-04 1.489922e-04 2.551733e-04 1.654879e-04 1.360083e-04 2.657283e-04 5.009737e-04 9.973877e-04 9.681962e-04 1.009502e-03 7.765716e-04 1.076960e-03
2.054644e-03 1.475433e-03 1.678740e-03 2.541948e-03 1.610170e-03 5.449720e-04 2.835849e-04 3.703150e-04 3.340951e-04 2.857754e-04 4.154557e-04 7.457261e-04 8.160747e-04 1.528233e-03 2.183420e-03 1.887849e-03 1.565526e-03 1.127411e-03 3.633312e-04 6.796442e-04 3.759575e-04 2.378581e-04 1.295611e-04 1.426046e-04 1.800613e-04 3.147235e-04 6.337534e-04 1.206581e-03 1.004267e-03 7.953769e-04 7.860438e-04 9.115965e-04
1.775678e-03 2.005807e-03 1.418128e-03 2.292035e-03 2.214623e-03 1.129765e-03 5.317298e-04 4.904087e-04 5.356190e-04 4.562751e-04 6.207695e-04 5.738059e-04 8.106904e-04 6.661636e-04 6.365946e-04 5.912998e-04 4.417911e-04 5.439538e-04 8.896271e-04 5.422402e-04 1.805282e-04 2.038088e-04 2.262401e-04 1.394853e-04 2.243327e-04 4.006637e-04 7.988638e-04 1.295943e-03 9.357116e-04 6.120175e-04 8.935560e-04 7.666672e-04
1.662543e-03 1.965296e-03 1.702245e-03 1.914885e-03 2.337439e-03 1.578838e-03 8.309610e-04 5.166547e-04 4.492913e-04 4.632389e-04 6.332716e-04 6.993933e-04 7.330054e-04 8.336531e-04 9.253453e-04 7.934993e-04 6.882522e-04 7.002078e-04 4.987186e-04 4.067782e-04 2.292452e-04 2.980490e-04 2.891878e-04 2.385932e-04 3.225913e-04 5.517571e-04 9.079109e-04 1.224293e-03 7.567679e-04 6.515256e-04 9.643666e-04 6.557674e-04
1.525978e-03 1.900361e-03 1.741440e-03 1.748289e-03 2.272902e-03 1.917920e-03 1.125379e-03 6.161402e-04 4.158431e-04 3.659290e-04 4.631793e-04 5.321222e-04 5.756884e-04 5.733191e-04 5.318391e-04 6.273012e-04 7.564500e-04 7.314309e-04 5.852202e-04 2.731789e-04 2.714255e-04 3.365935e-04 4.186098e-04 3.647270e-04 4.492864e-04 7.458105e-04 1.049219e-03 1.028839e-03 5.337911e-04 9.650669e-04 8.630731e-04 6.632926e-04
1.378893e-03 1.748781e-03 1.899676e-03 1.528993e-03 2.220608e-03 2.555389e-03 1.850825e-03 1.062695e-03 5.977869e-04 3.900789e-04 3.096322e-04 3.816846e-04 3.519716e-04 3.903223e-04 5.186366e-04 6.136865e-04 6.329240e-04 5.242097e-04 4.027400e-04 3.880623e-04 2.573191e-04 4.183068e-04 3.870887e-04 4.824714e-04 7.116023e-04 9.394070e-04 1.012413e-03 7.631307e-04 6.437224e-04 1.071829e-03 7.564847e-04 7.808383e-04
1.603435e-03 1.431574e-03 2.078565e-03 1.770264e-03 1.561324e-03 2.589736e-03 2.939512e-03 2.273105e-03 1.494269e-03 8.434035e-04 4.733369e-04 3.202816e-04 2.599566e-04 3.176093e-04 4.243864e-04 5.105105e-04 3.921700e-04 2.791891e-04 2.704967e-04 1.889225e-04 2.801875e-04 3.218463e-04 4.733121e-04 7.944630e-04 9.451291e-04 9.896738e-04 6.516647e-04 6.281059e-04 9.251268e-04 8.714029e-04 6.993287e-04 9.228567e-04
1.475667e-03 1.485442e-03 1.618411e-03 2.245493e-03 1.654059e-03 1.551991e-03 2.494175e-03 3.056780e-03 2.763876e-03 2.206417e-03 1.448408e-03 8.812228e-04 5.705922e-04 4.136874e-04 3.250798e-04 2.518354e-04 2.432076e-04 2.778778e-04 2.688277e-04 2.875387e-04 3.430110e-04 5.048182e-04 8.638281e-04 1.138169e-03 8.661626e-04 6.418100e-04 5.406854e-04 8.518923e-04 9.293288e-04 6.610624e-04 8.515843e-04 7.034762e-04
1.178050e-03 1.651412e-03 1.403684e-03 1.817103e-03 2.388133e-03 1.791374e-03 1.610404e-03 2.246611e-03 2.737322e-03 2.830977e-03 2.475116e-03 2.108581e-03 1.707043e-03 1.306558e-03 9.275308e-04 7.037941e-04 7.317984e-04 8.980512e-04 8.787989e-04 7.095609e-04 7.867789e-04 1.092929e-03 1.378203e-03 9.868327e-04 5.474854e-04 5.875001e-04 9.328108e-04 8.411137e-04 7.137232e-04 7.979499e-04 7.976965e-04 6.684187e-04
1.242453e-03 1.292417e-03 1.694168e-03 1.422008e-03 1.906138e-03 2.451522e-03 1.992451e-03 1.662866e-03 2.156925e-03 2.830301e-03 3.335363e-03 3.248737e-03 3.003478e-03 2.636441e-03 2.205607e-03 1.968822e-03 1.896437e-03 1.700372e-03 1.334989e-03 1.284246e-03 1.504357e-03 1.423920e-03 9.329101e-04 5.172110e-04 6.929460e-04 1.026703e-03 8.575596e-04 7.249439e-04 7.557894e-04 8.460907e-04 6.167462e-04 7.627880e-04
1.289784e-03 1.212377e-03 1.360103e-03 1.791021e-03 1.375421e-03 1.585727e-03 2.336088e-03 2.155629e-03 1.607289e-03 1.607572e-03 1.924794e-03 2.260518e-03 2.370961e-03 2.385281e-03 2.359219e-03 2.264413e-03 2.056690e-03 1.789988e-03 1.650895e-03 1.476700e-03 1.054425e-03 7.005109e-04 6.837122e-04 9.633881e-04 1.160894e-03 8.004831e-04 7.180198e-04 8.542765e-04 8.292772e-04 6.610872e-04 7.973340e-04 5.534707e-04
9.324085e-04 1.295894e-03 1.201112e-03 1.223196e-03 1.668921e-03 1.595448e-03 1.395831e-03 1.921725e-03 2.285846e-03 2.065084e-03 1.868706e-03 1.613672e-03 1.574660e-03 1.571541e-03 1.557166e-03 1.483957e-03 1.313497e-03 1.160789e-03 1.020882e-03 9.366851e-04 9.141148e-04 1.088081e-03 1.266921e-03 1.209670e-03 7.360552e-04 8.113311e-04 9.711020e-04 8.382775e-04 7.433369e-04 7.669901e-04 6.070107e-04 6.769421e-04
1.058055e-03 8.845458e-04 1.144363e-03 1.226608e-03 1.157044e-03 1.469985e-03 1.571924e-03 1.308902e-03 1.466989e-03 1.931182e-03 2.148004e-03 2.236349e-03 2.097012e-03 1.922738e-03 1.739408e-03 1.545449e-03 1.449381e-03 1.526564e-03 1.523569e-03 1.433765e-03 1.421754e-03 1.266757e-03 1.019442e-03 7.645910e-04 1.042141e-03 1.027101e-03 7.897691e-04 8.213150e-04 8.187967e-04 6.880584e-04 6.758047e-04 5.803922e-04
