6.330660e-04 7.332389e-04 7.133075e-04 8.799918e-04 8.487876e-04 8.198479e-04 1.052027e-03 1.063812e-03 9.625946e-04 1.097840e-03 1.287518e-03 1.361145e-03 1.370874e-03 1.316012e-03 1.217628e-03 1.118382e-03 1.068906e-03 1.074391e-03 1.138607e-03 1.232768e-03 1.315498e-03 1.286392e-03 1.122824e-03 9.312680e-04 9.687861e-04 1.108459e-03 1.057801e-03 8.048029e-04 9.099109e-04 7.850828e-04 6.787790e-04 6.799483e-04
7.159568e-04 7.483972e-04 8.986079e-04 8.050349e-04 9.888043e-04 1.075876e-03 9.107732e-04 1.018735e-03 1.339905e-03 1.280052e-03 1.127176e-03 1.148794e-03 1.213046e-03 1.262384e-03 1.411320e-03 1.643994e-03 1.763273e-03 1.700768e-03 1.575744e-03 1.424257e-03 1.216085e-03 1.099182e-03 1.216474e-03 1.326851e-03 1.304630e-03 1.079864e-03 9.335845e-04 1.112368e-03 8.986669e-04 7.949345e-04 7.975451e-04 7.062961e-04
7.643905e-04 8.776474e-04 8.372815e-04 1.110767e-03 1.010736e-03 9.519415e-04 1.260996e-03 1.328813e-03 1.093893e-03 1.131061e-03 1.449296e-03 1.542872e-03 1.596861e-03 1.723383e-03 1.660903e-03 1.487474e-03 1.383496e-03 1.428819e-03 1.515017e-03 1.680497e-03 1.777765e-03 1.708685e-03 1.406858e-03 1.152346e-03 1.111711e-03 1.305536e-03 1.336134e-03 1.015335e-03 9.747487e-04 8.858300e-04 7.865483e-04 8.092900e-04
8.268388e-04 8.152293e-04 1.068864e-03 9.372127e-04 1.094664e-03 1.334072e-03 1.137197e-03 1.102422e-03 1.511952e-03 1.682827e-03 1.442476e-03 1.245359e-03 1.198855e-03 1.084670e-03 1.118024e-03 1.346069e-03 1.549891e-03 1.477155e-03 1.327549e-03 1.249633e-03 1.177151e-03 1.244406e-03 1.573022e-03 1.671118e-03 1.593837e-03 1.233666e-03 1.168468e-03 1.276795e-03 1.020310e-03 1.006248e-03 9.572804e-04 8.758500e-04
8.298288e-04 1.047307e-03 9.103884e-04 1.198940e-03 1.296209e-03 9.794822e-04 1.235886e-03 1.759845e-03 1.704897e-03 1.185022e-03 1.072173e-03 1.258991e-03 1.414154e-03 1.754985e-03 2.168510e-03 2.210885e-03 2.093884e-03 2.197926e-03 2.188727e-03 2.026173e-03 1.741684e-03 1.439889e-03 1.189384e-03 1.214385e-03 1.424690e-03 1.595671e-03 1.334535e-03 1.171227e-03 1.372923e-03 1.071682e-03 1.105567e-03 1.068468e-03
1.045927e-03 9.048644e-04 1.235524e-03 1.276899e-03 1.035028e-03 1.451993e-03 1.708391e-03 1.364616e-03 1.091230e-03 1.354417e-03 1.823078e-03 1.951479e-03 2.022722e-03 2.017680e-03 1.902173e-03 1.789541e-03 1.688605e-03 1.544447e-03 1.609646e-03 1.621747e-03 1.679365e-03 1.705082e-03 1.664471e-03 1.450320e-03 1.256228e-03 1.370990e-03 1.691680e-03 1.435422e-03 1.156688e-03 1.436546e-03 1.086869e-03 1.083296e-03
9.420986e-04 1.157773e-03 1.263351e-03 1.117927e-03 1.530461e-03 1.609755e-03 1.169593e-03 1.210448e-03 1.697911e-03 2.155882e-03 1.901238e-03 1.464582e-03 1.198854e-03 1.016984e-03 9.094099e-04 8.083303e-04 7.911379e-04 7.099493e-04 6.422452e-04 7.083948e-04 8.873379e-04 1.247188e-03 1.520601e-03 1.678661e-03 1.635357e-03 1.306535e-03 1.278454e-03 1.746315e-03 1.529602e-03 1.149610e-03 1.340723e-03 9.947852e-04
1.104557e-03 1.304833e-03 1.093984e-03 1.541485e-03 1.558238e-03 1.123237e-03 1.302480e-03 1.928760e-03 2.105789e-03 1.626041e-03 1.032245e-03 6.570586e-04 4.636075e-04 4.191693e-04 4.005151e-04 4.288771e-04 4.589104e-04 4.115101e-04 3.258250e-04 3.301745e-04 3.918684e-04 6.136547e-04 9.197999e-04 1.422622e-03 1.802628e-03 1.775225e-03 1.428289e-03 1.337072e-03 1.543867e-03 1.347076e-03 1.163523e-03 1.201301e-03
1.408462e-03 1.079333e-03 1.475107e-03 1.603707e-03 1.146230e-03 1.255293e-03 1.915805e-03 1.919893e-03 1.428298e-03 7.653723e-04 4.280104e-04 3.325115e-04 3.606578e-04 3.422371e-04 3.972446e-04 5.424732e-04 5.949548e-04 5.137352e-04 3.863298e-04 3.385152e-04 2.813035e-04 2.800105e-04 4.492687e-04 7.783542e-04 1.438738e-03 1.850089e-03 1.883355e-03 1.247147e-03 1.335641e-03 1.571859e-03 1.074852e-03 1.240790e-03
1.232115e-03 1.291172e-03 1.739018e-03 1.172998e-03 1.226025e-03 1.830162e-03 1.884348e-03 1.280265e-03 6.854436e-04 3.562625e-04 3.684562e-04 4.179475e-04 4.207008e-04 4.156216e-04 5.192495e-04 6.499412e-04 7.473059e-04 6.987539e-04 5.202032e-04 3.900022e-04 4.011913e-04 2.810906e-04 2.605405e-04 3.144658e-04 6.623176e-04 1.374604e-03 1.944869e-03 1.735587e-03 1.137083e-03 1.362949e-03 1.455458e-03 9.972808e-04
1.017612e-03 1.753640e-03 1.439648e-03 1.077882e-03 1.815127e-03 1.868913e-03 1.207043e-03 5.947428e-04 2.905010e-04 2.699081e-04 4.192671e-04 4.899793e-04 4.853309e-04 5.730190e-04 6.787481e-04 7.406449e-04 6.858391e-04 7.735631e-04 7.911833e-04 5.919576e-04 5.431183e-04 4.383463e-04 2.713487e-04 2.165035e-04 3.427617e-04 6.754244e-04 1.352306e-03 1.798926e-03 1.561944e-03 1.060100e-03 1.426020e-03 1.235815e-03
1.176828e-03 1.798184e-03 1.041485e-03 1.449499e-03 1.971650e-03 1.314773e-03 6.144801e-04 2.618449e-04 1.874596e-04 2.722342e-04 4.586537e-04 4.890241e-04 4.290005e-04 5.078952e-04 6.332446e-04 7.067054e-04 7.578158e-04 7.024138e-04 6.164261e-04 5.409102e-04 4.737630e-04 3.289198e-04 2.575441e-04 1.687844e-04 1.812867e-04 4.231856e-04 8.745604e-04 1.407360e-03 1.611753e-03 1.208666e-03 1.176035e-03 1.413983e-03
1.529474e-03 1.539456e-03 1.058142e-03 1.721679e-03 1.685812e-03 8.318917e-04 3.180900e-04 1.804928e-04 1.531730e-04 2.286140e-04 4.123038e-04 3.928275e-04 4.381470e-04 5.617391e-04 6.285566e-04 6.348881e-04 7.050381e-04 7.879665e-04 8.435510e-04 8.692258e-04 5.356881e-04 5.917129e-04 2.754799e-04 1.670700e-04 1.514665e-04 2.764127e-04 5.828588e-04 1.178198e-03 1.439568e-03 1.206364e-03 1.139001e-03 1.418827e-03
1.710205e-03 1.405476e-03 1.321664e-03 1.942042e-03 1.393647e-03 5.579042e-04 2.227210e-04 1.529284e-04 1.324673e-04 2.449508e-04 3.807610e-04 3.992572e-04 4.139871e-04 5.396219e-04 8.855327e-04 1.163088e-03 1.359077e-03 1.410355e-03 1.037130e-03 6.684266e-04 1.084107e-03 5.726077e-04 5.864294e-04 3.179355e-04 1.699475e-04 2.129965e-04 4.129366e-04 1.029940e-03 1.471254e-03 1.176711e-03 1.068671e-03 1.348987e-03
1.740850e-03 1.368489e-03 1.508729e-03 2.085467e-03 1.270708e-03 4.469948e-04 2.044332e-04 1.477212e-04 1.745900e-04 2.975305e-04 4.107032e-04 5.810169e-04 6.520572e-04 9.568930e-04 1.114064e-03 8.081825e-04 6.962675e-04 9.581111e-04 1.547441e-03 1.059556e-03 6.591509e-04 6.844379e-04 6.093432e-04 4.313306e-04 3.041960e-04 2.290122e-04 3.374761e-04 8.602021e-04 1.550105e-03 1.333596e-03 9.512455e-04 1.322365e-03
1.681756e-03 1.346451e-03 1.606486e-03 2.025661e-03 1.214728e-03 4.331448e-04 2.041279e-04 1.472174e-04 2.541698e-04 3.926535e-04 5.496183e-04 7.262261e-04 1.044485e-03 1.265199e-03 5.705799e-04 1.683316e-04 9.365316e-05 1.785071e-04 6.369899e-04 1.885507e-03 3.100057e-04 7.723036e-04 3.932281e-04 3.639575e-04 3.716566e-04 2.563409e-04 3.311208e-04 6.816422e-04 1.432176e-03 1.538002e-03 9.541682e-04 1.280987e-03
1.601596e-03 1.300741e-03 1.738689e-03 1.775771e-03 1.082905e-03 4.219508e-04 2.102793e-04 1.698891e-04 3.243730e-04 5.012551e-04 6.819630e-04 8.661953e-04 1.370921e-03 1.025362e-03 1.949885e-04 8.413027e-05 6.329882e-05 8.317249e-05 3.403038e-04 1.846712e-03 4.164395e-04 6.026856e-04 2.551999e-04 2.343775e-04 2.915837e-04 2.762826e-04 3.625433e-04 6.080979e-04 1.222026e-03 1.593040e-03 1.071365e-03 1.187944e-03
1.660314e-03 1.238184e-03 1.893235e-03 1.689979e-03 9.599230e-04 3.772842e-04 2.133536e-04 2.237573e-04 2.939197e-04 4.820449e-04 8.060933e-04 9.091132e-04 1.392655e-03 9.529316e-04 1.378473e-04 5.512552e-05 6.683200e-05 2.027436e-04 8.174781e-04 1.691468e-03 2.808983e-04 3.974673e-04 2.527138e-04 1.759745e-04 2.206387e-04 2.704583e-04 3.830970e-04 6.472196e-04 1.036832e-03 1.451684e-03 1.151296e-03 1.131970e-03
1.776031e-03 1.114648e-03 1.825992e-03 1.923670e-03 1.045755e-03 4.266594e-04 2.551352e-04 2.841282e-04 2.776648e-04 3.942842e-04 7.061313e-04 8.077685e-04 1.257776e-03 1.296613e-03 3.924514e-04 1.664675e-04 3.230269e-04 7.136663e-04 1.453845e-03 9.558300e-04 2.945306e-04 2.690762e-04 3.022248e-04 1.686344e-04 1.619633e-04 2.268694e-04 3.902928e-04 8.075505e-04 1.029435e-03 1.224877e-03 1.076290e-03 1.082950e-03
1.780313e-03 1.238385e-03 1.494233e-03 2.165287e-03 1.395861e-03 6.149446e-04 4.035424e-04 4.502100e-04 4.160168e-04 4.048894e-04 5.633082e-04 7.573300e-04 8.609443e-04 1.672684e-03 1.717467e-03 1.284078e-03 1.400360e-03 1.628136e-03 9.946050e-04 3.709708e-04 6.120669e-04 1.589208e-04 2.966845e-04 1.785151e-04 1.293010e-04 2.216216e-04 4.451945e-04 1.001189e-03 1.148273e-03 1.053732e-03 8.768671e-04 1.045669e-03
1.567783e-03 1.620221e-03 1.203799e-03 2.018428e-03 1.847849e-03 1.007236e-03 6.141941e-04 6.630066e-04 6.482874e-04 5.297557e-04 6.081827e-04 6.242345e-04 6.871624e-04 7.085314e-04 1.224687e-03 1.401481e-03 1.031460e-03 5.859953e-04 5.189207e-04 8.767346e-04 2.687321e-04 2.843032e-04 1.522950e-04 1.477670e-04 1.819294e-04 2.799495e-04 5.464697e-04 1.126103e-03 1.231868e-03 8.310040e-04 8.661185e-04 9.342153e-04
1.424801e-03 1.703784e-03 1.335869e-03 1.633680e-03 1.970057e-03 1.362869e-03 8.220969e-04 6.813661e-04 6.529172e-04 5.888103e-04 7.057692e-04 6.081000e-04 7.125045e-04 7.507117e-04 7.053408e-04 5.294038e-04 5.274244e-04 8.020491e-04 7.830649e-04 3.762303e-04 2.251320e-04 2.098996e-04 2.860382e-04 1.535433e-04 2.170288e-04 3.558566e-04 7.033119e-04 1.213767e-03 1.112161e-03 6.319982e-04 9.552278e-04 8.561610e-04
1.350302e-03 1.595879e-03 1.463838e-03 1.467937e-03 1.836336e-03 1.507374e-03 9.418030e-04 6.027777e-04 5.151762e-04 5.078079e-04 5.561123e-04 5.956948e-04 5.763542e-04 5.086595e-04 5.245841e-04 5.571611e-04 4.955136e-04 4.911952e-04 5.467009e-04 3.893476e-04 1.901956e-04 3.574580e-04 2.965644e-04 2.855485e-04 3.035281e-04 5.093484e-04 8.641939e-04 1.179794e-03 9.552562e-04 6.800948e-04 1.028733e-03 7.440257e-04
1.158715e-03 1.533139e-03 1.472640e-03 1.269598e-03 1.780139e-03 1.838617e-03 1.272022e-03 7.394541e-04 5.161698e-04 4.590995e-04 4.576702e-04 5.289807e-04 4.656575e-04 5.229717e-04 5.680689e-04 5.937036e-04 6.692937e-04 5.529606e-04 3.426983e-04 2.802398e-04 3.364447e-04 4.250398e-04 4.093082e-04 3.654444e-04 4.113154e-04 6.863284e-04 1.035532e-03 1.050928e-03 6.166387e-04 1.022875e-03 9.333158e-04 7.188936e-04
1.233279e-03 1.289600e-03 1.618277e-03 1.342456e-03 1.411459e-03 2.104976e-03 2.060252e-03 1.424303e-03 8.962499e-04 5.543132e-04 3.932902e-04 3.627406e-04 3.757527e-04 3.926475e-04 4.652392e-04 5.437328e-04 5.103587e-04 3.874640e-04 3.139921e-04 2.419652e-04 3.473156e-04 4.677593e-04 3.899038e-04 4.700189e-04 7.040271e-04 8.854767e-04 9.383791e-04 7.134442e-04 6.826630e-04 1.053724e-03 8.198585e-04 8.040511e-04
1.296108e-03 1.179182e-03 1.487785e-03 1.656883e-03 1.158564e-03 1.462746e-03 2.250947e-03 2.284519e-03 1.799289e-03 1.213008e-03 6.955594e-04 4.291034e-04 3.401700e-04 3.190558e-04 3.133480e-04 2.780292e-04 2.390460e-04 2.553567e-04 2.268399e-04 1.949365e-04 2.934572e-04 3.185904e-04 4.595236e-04 7.572711e-04 8.398950e-04 8.173052e-04 5.608221e-04 6.412101e-04 8.477374e-04 8.875252e-04 6.865957e-04 9.179502e-04
1.077890e-03 1.318540e-03 1.138742e-03 1.689024e-03 1.732353e-03 1.174273e-03 1.372305e-03 2.042453e-03 2.270470e-03 2.074608e-03 1.534275e-03 1.058013e-03 7.124451e-04 4.986636e-04 3.310956e-04 2.297044e-04 2.538733e-04 3.018057e-04 2.745802e-04 2.687527e-04 2.997832e-04 4.922152e-04 8.066908e-04 9.806519e-04 6.981081e-04 5.419641e-04 5.859026e-04 8.259661e-04 8.498608e-04 6.439123e-04 8.750227e-04 6.815172e-04
1.007851e-03 1.209454e-03 1.304489e-03 1.217486e-03 1.807940e-03 1.809952e-03 1.299350e-03 1.344801e-03 1.881488e-03 2.296166e-03 2.347097e-03 2.098655e-03 1.760473e-03 1.349426e-03 9.475145e-04 7.737924e-04 8.104897e-04 8.398009e-04 6.835325e-04 5.548790e-04 7.825985e-04 1.046531e-03 1.097221e-03 7.235753e-04 4.496548e-04 6.273859e-04 8.829047e-04 7.392693e-04 7.003695e-04 7.762438e-04 7.459014e-04 6.730427e-04
1.100405e-03 9.741641e-04 1.325922e-03 1.324600e-03 1.129055e-03 1.664415e-03 1.921287e-03 1.409433e-03 1.232027e-03 1.622764e-03 2.161566e-03 2.360230e-03 2.184991e-03 1.921996e-03 1.723710e-03 1.663471e-03 1.569661e-03 1.263099e-03 1.015666e-03 1.176304e-03 1.224512e-03 9.372649e-04 6.211243e-04 4.821614e-04 7.565013e-04 8.748301e-04 7.335918e-04 6.914433e-04 7.447118e-04 7.751813e-04 6.090942e-04 6.992291e-04
9.036826e-04 1.149086e-03 9.368785e-04 1.261141e-03 1.344400e-03 1.140151e-03 1.366822e-03 1.869942e-03 1.631182e-03 1.285824e-03 1.171167e-03 1.273668e-03 1.509931e-03 1.672747e-03 1.703886e-03 1.542606e-03 1.281898e-03 1.152704e-03 1.123825e-03 9.518638e-04 7.086289e-04 5.975679e-04 6.952262e-04 9.451866e-04 9.409538e-04 7.161961e-04 6.756113e-04 8.537001e-04 7.358339e-04 6.432664e-04 7.397388e-04 5.533188e-04
8.622110e-04 8.144655e-04 1.073020e-03 9.309810e-04 1.100208e-03 1.324311e-03 1.160694e-03 1.110029e-03 1.585976e-03 1.789487e-03 1.688459e-03 1.455783e-03 1.175902e-03 1.041728e-03 9.715066e-04 9.588069e-04 9.035778e-04 8.719214e-04 8.974245e-04 8.552814e-04 8.846555e-04 1.026519e-03 1.126490e-03 9.062570e-04 6.554275e-04 7.615524e-04 9.257260e-04 6.958988e-04 7.391605e-04 7.298891e-04 5.931807e-04 6.414631e-04
7.546251e-04 8.454224e-04 7.963176e-04 1.011028e-03 9.297780e-04 9.772619e-04 1.262861e-03 1.283736e-03 1.043194e-03 1.143093e-03 1.459604e-03 1.683312e-03 1.826213e-03 1.808906e-03 1.686773e-03 1.556211e-03 1.414641e-03 1.299958e-03 1.202673e-03 1.190270e-03 1.120183e-03 9.025651e-04 7.184374e-04 7.814074e-04 9.424496e-04 8.910604e-04 6.418234e-04 8.336534e-04 7.071155e-04 6.446376e-04 6.514501e-04 5.307808e-04
